-0.01547558551790162 1 0
-0.03110294108360075 1 0
-0.046882859315500146 1 0
-0.06281613568609398 0 0
-0.07890356852983992 0 0
-0.095145959051048 0 0
-0.11154411133178756 1 0
-0.12809883233981223 1 0
-0.14481093193650046 0 0
-0.16168122288481754 0 0
-0.17871052085729225 0 0
-0.19589964444401228 1 0
-0.21324941516063767 0 0
-0.2307606574564334 1 0
-0.24843419872231642 1 0
-0.2662708692989245 0 0
-0.2842715024847009 0 0
-0.3024369345439971 1 0
-0.32076800471519495 1 0
-0.3392655552188449 1 0
-0.357930431265824 0 0
-0.37676348106551255 0 0
-0.39576555583398537 1 0
-0.4149375098022262 0 0
-0.43428020022435715 1 0
-0.45379448738588635 0 0
-0.47348123461197655 0 0
-0.4933413082757295 0 0
-0.5133755778064892 0 0
-0.5335849156981642 0 0
-0.5539701975175693 1 0
-0.5745323019127831 1 0
-0.595272110621526 0 0
-0.6161905084795576 0 0
-0.6372883834290889 0 0
-0.658566626527218 1 0
-0.6800261319543817 0 0
-0.7016677970228259 1 0
-0.7234925221850949 1 0
-0.74550121104254 0 0
-0.7676947703538471 0 0
-0.7900741100435819 1 0
-0.8126401432107557 0 0
-0.8353937861374076 0 0
-0.8583359582972091 0 0
-0.8814675823640847 0 0
-0.9047895842208532 1 0
-0.9283028929678866 0 0
-0.9520084409317902 1 0
-0.9759071636741 1 0
0.9759071636741 1 0
0.9520084409317902 1 0
0.9283028929678866 0 0
0.9047895842208532 1 0
0.8814675823640848 0 0
0.8583359582972092 0 0
0.8353937861374077 0 0
0.8126401432107557 0 0
0.7900741100435821 1 0
0.7676947703538471 0 0
0.7455012110425401 0 0
0.723492522185095 1 0
0.701667797022826 1 0
0.6800261319543819 0 0
0.658566626527218 1 0
0.6372883834290888 0 0
0.6161905084795576 0 0
0.5952721106215263 0 0
0.5745323019127831 1 0
0.5539701975175694 1 0
0.5335849156981644 0 0
0.5133755778064892 0 0
0.4933413082757296 0 0
0.47348123461197683 0 0
0.4537944873858866 0 0
0.43428020022435726 1 0
0.4149375098022263 0 0
0.3957655558339855 1 0
0.37676348106551266 0 0
0.35793043126582413 0 0
0.339265555218845 1 0
0.32076800471519507 1 0
0.3024369345439972 1 0
0.284271502484701 0 0
0.26627086929892463 0 0
0.24843419872231653 1 0
0.23076065745643354 1 0
0.2132494151606378 0 0
0.1958996444440124 1 0
0.17871052085729236 0 0
0.16168122288481768 0 0
0.1448109319365006 0 0
0.12809883233981234 1 0
0.11154411133178768 1 0
0.09514595905104813 0 0
0.07890356852984004 0 0
0.06281613568609411 0 0
0.04688285931550027 1 0
0.03110294108360087 1 0
0.015475585517901742 1 0


-1 -0.9180836129571704 -0.3963867803288995
-0.996661101836394 -0.36736623959238734 -0.7900422011884045
-0.993322203672788 -0.8982149530303958 0.3506036897189747
-0.989983305509182 -0.2034402042675198 -0.7620637910316753
-0.986644407345576 -0.6784142060663806 -0.06279798043391271
-0.9833055091819699 -0.5208876234529805 0.6937857978119889
-0.9799666110183639 0.45639742363732777 0.1873783682646543
-0.9766277128547579 0.9846667037865592 -0.04472926171567021
-0.9732888146911519 0.8491228462990335 0.2867042113442664
-0.9699499165275459 0.47900146945767647 0.44667382527387545
-0.9666110183639399 0.2558157777667362 0.07629716049141361
-0.9632721202003339 0.3279862353055448 -0.469019503002377
-0.9599332220367279 0.6059195855044319 -0.6855478133707117
-0.9565943238731218 0.873926630387428 -0.47628489304268995
-0.9532554257095158 0.9926221577285784 -0.11508721341574218
-0.9499165275459098 0.9858436594092047 0.14306426383429743
-0.9465776293823038 0.936672865635315 0.26274949774210893
-0.9432387312186978 0.880963038925967 0.3364872076012772
-0.9398998330550918 0.8144784912449841 0.4249090203748868
-0.9365609348914858 0.7158005044088441 0.47773548305229996
-0.9332220367278798 0.5310189984184696 0.3870616233259687
-0.9298831385642738 0.20246122280695805 0.13574322387063945
-0.9265442404006677 -0.2406421843214419 -0.12333137782714726
-0.9232053422370617 -0.6394608653205419 -0.17308250772067388
-0.9198664440734557 -0.7840923061268545 0.07364096315277896
-0.9165275459098498 -0.5563022517157719 0.48023771279211536
-0.9131886477462438 -0.025893307167941693 0.7697254168537191
-0.9098497495826378 0.5683167126951973 0.7144147963133147
-0.9065108514190318 0.9476851808528194 0.29566962866866
-0.9031719532554257 0.9560861127298343 -0.2789990173000644
-0.8998330550918197 0.6455234526133726 -0.7165794453645917
-0.8964941569282137 0.22366648228235325 -0.8316595353013104
-0.8931552587646077 -0.09203842128010048 -0.6460273197185962
-0.8898163606010017 -0.20052160810693775 -0.3344784290041633
-0.8864774624373957 -0.14246132467516193 -0.08519874652971596
-0.8831385642737897 -0.03555372516258153 0.008559005230598193
-0.8797996661101837 0.010747411784958099 -0.033316715481367117
-0.8764607679465777 -0.05374674431802244 -0.12573482982973513
-0.8731218697829717 -0.20964776779105715 -0.18008471688080313
-0.8697829716193656 -0.38139864364569315 -0.1501343463873252
-0.8664440734557596 -0.4676567409940369 -0.0543550588143174
-0.8631051752921536 -0.3896828054959854 0.034176550962314395
-0.8597662771285476 -0.1410967245269603 0.0354594014340374
-0.8564273789649416 0.19741317850911222 -0.07624436315649633
-0.8530884808013356 0.4996192866874155 -0.24746442840416474
-0.8497495826377295 0.6658549870274342 -0.38457975849990894
-0.8464106844741235 0.6694750130879565 -0.42375829458289815
-0.8430717863105175 0.544711611628163 -0.36468122856561863
-0.8397328881469115 0.3390770551062578 -0.2397602702067071
-0.8363939899833055 0.08308522546358396 -0.06377926440421608
-0.8330550918196995 -0.1976001713029275 0.16927305005780238
-0.8297161936560935 -0.45436530761606186 0.43571810681407647
-0.8263772954924875 -0.61634271059349 0.6459103450083439
-0.8230383973288815 -0.6289282264392709 0.6865437113179527
-0.8196994991652755 -0.49377117146495486 0.5192952570207003
-0.8163606010016694 -0.26878889807203027 0.23831751123561085
-0.8130217028380634 -0.026457187559424302 0.015196163479875796
-0.8096828046744574 0.19118824052751304 -0.03143170663598385
-0.8063439065108514 0.3831284502755844 0.07485987585108979
-0.8030050083472454 0.5644740969836125 0.2016973537588332
-0.7996661101836394 0.7368086945455325 0.22984177648482426
-0.7963272120200333 0.8812564351719122 0.14887987687449727
-0.7929883138564273 0.9734774367195695 0.04395207013023095
-0.7896494156928213 0.9994866719098678 -0.0014955489467211036
-0.7863105175292153 0.9573171828582667 0.013446340197606599
-0.7829716193656093 0.8496643463559402 0.017713279509852686
-0.7796327212020033 0.6820671663913203 -0.047777927179711355
-0.7762938230383973 0.47116188363134515 -0.1584303774749653
-0.7729549248747913 0.2520411175706734 -0.2150465629515787
-0.7696160267111853 0.07126932290371574 -0.12488384396807227
-0.7662771285475793 -0.034538766032847015 0.11663138112431973
-0.7629382303839733 -0.05955874946703621 0.41082022260473294
-0.7595993322203672 -0.03213954878523606 0.6164674068874529
-0.7562604340567612 0.0033706008678779376 0.6379754316728399
-0.7529215358931552 0.014681042260030946 0.47944165782524945
-0.7495826377295493 0.0015152045791659297 0.23495425930224378
-0.7462437395659433 -0.00430797537745157 0.02990444787152629
-0.7429048414023371 0.04202800366659618 -0.04676503515884597
-0.7395659432387311 0.17109656332864945 0.016972358059060527
-0.7362270450751252 0.37845489948184063 0.15840596455987188
-0.7328881469115192 0.6214890014419968 0.27792745601829916
-0.7295492487479132 0.8365309192626535 0.2912289732251576
-0.7262103505843072 0.9685827547273916 0.17066315578083124
-0.7228714524207012 0.9984301612196771 -0.04321789065108034
-0.7195325542570952 0.9518977636618482 -0.26445545870798093
-0.7161936560934892 0.885028337220175 -0.40605013331684653
-0.7128547579298832 0.8527526278762088 -0.42196772855643033
-0.7095158597662772 0.8786788031288919 -0.3249445315660165
-0.7061769616026712 0.9430870769906768 -0.17293975504867098
-0.7028380634390651 0.9951576391401133 -0.03513569062606492
-0.6994991652754591 0.9812061153222181 0.04167437501918647
-0.6961602671118531 0.8724695038488869 0.049052441066900376
-0.6928213689482471 0.6783061858056778 0.011006972503484425
-0.689482470784641 0.44070346675426186 -0.03520811405209692
-0.686143572621035 0.21638300928371643 -0.05822369880993365
-0.682804674457429 0.05730831720219688 -0.042547889192152154
-0.679465776293823 -0.0022567154175322543 0.01129983690772092
-0.676126878130217 0.049661144154440964 0.09127054091368444
-0.672787979966611 0.2032428396984145 0.17738953212698996
-0.669449081803005 0.4284592635163068 0.2432068199693435
-0.666110183639399 0.6768613671450019 0.25839163125694947
-0.662771285475793 0.8865970833652637 0.1967392530041805
-0.659432387312187 0.9947264829000158 0.04995307575048874
-0.656093489148581 0.9573280871719743 -0.15890355279324825
-0.652754590984975 0.7711448838443871 -0.3726084065988518
-0.649415692821369 0.4850320284720667 -0.5154716583750789
-0.6460767946577629 0.19024642993687818 -0.5255033546046777
-0.6427378964941569 -0.012347485828377774 -0.3887122252163092
-0.6393989983305509 -0.056382139527763525 -0.15487606873439547
-0.6360601001669449 0.05647528819385224 0.0795428374800212
-0.6327212020033388 0.2538716244259002 0.21765668654989628
-0.6293823038397328 0.42637595717868904 0.21418676587752064
-0.6260434056761268 0.4817990344430884 0.10206311021794107
-0.6227045075125208 0.3908077250912522 -0.025707464999519647
-0.6193656093489148 0.19777079027906264 -0.07152967652142872
-0.6160267111853088 -0.009100938050142594 0.006400147671093077
-0.6126878130217028 -0.14941425771220723 0.16726141178081896
-0.6093489148580968 -0.1918634461078961 0.3134276357099335
-0.6060100166944908 -0.16049658160666666 0.3543066145712108
-0.6026711185308848 -0.10511269643407571 0.2674157426610893
-0.5993322203672788 -0.058814645986795366 0.11576185194849016
-0.5959933222036728 -0.013356721600224393 0.00812480748449801
-0.5926544240400667 0.07090748633354728 0.02669992585195925
-0.5893155258764607 0.22902300911652212 0.1694334652428037
-0.5859766277128547 0.45671289816737876 0.34619752776912527
-0.5826377295492488 0.703179464194091 0.4332441518367525
-0.5792988313856426 0.8976759259611855 0.35183030929999054
-0.5759599332220366 0.9917430027052336 0.12026453064190706
-0.5726210350584306 0.9878117685580909 -0.1547095663139475
-0.5692821368948247 0.9346893233380833 -0.3420955467717129
-0.5659432387312187 0.8938826932707448 -0.36541195803438403
-0.5626043405676127 0.9007065219826935 -0.24604348735137976
-0.5592654424040067 0.9464215914795862 -0.08465562423597733
-0.5559265442404007 0.9911647510490368 0.005661912962550086
-0.5525876460767947 0.9947918651535266 -0.02956904786961545
-0.5492487479131887 0.9408597154427495 -0.15626285938855788
-0.5459098497495827 0.8364393071106724 -0.2801489214205007
-0.5425709515859767 0.6912395367328124 -0.3125654929613479
-0.5392320534223707 0.4973949442835209 -0.22944487185632487
-0.5358931552587646 0.23191335552486858 -0.08534160729211876
-0.5325542570951586 -0.11431510642032733 0.02516694379792392
-0.5292153589315526 -0.5008986619234839 0.03201748787625483
-0.5258764607679466 -0.82684481418787 -0.0625790014735963
-0.5225375626043405 -0.9631986101245944 -0.18396420648923523
-0.5191986644407345 -0.8195182176374073 -0.23205011001967815
-0.5158597662771285 -0.4071354417411293 -0.14515141253778685
-0.5125208681135225 0.14328080620969103 0.05962659015880849
-0.5091819699499165 0.6295501753607476 0.29410605741126505
-0.5058430717863105 0.8721056668512347 0.44923853820556936
-0.5025041736227045 0.8045045294514709 0.4565784713676061
-0.4991652754590985 0.508023267371866 0.3243697203420116
-0.4958263772954925 0.16752891336863035 0.12849898285605613
-0.4924874791318865 -0.02933253940493168 -0.03371409430808249
-0.4891485809682804 0.005896248168812429 -0.09775147526395395
-0.4858096828046744 0.21654933056156758 -0.06257979862734339
-0.4824707846410684 0.436488158454844 0.017483809606335637
-0.4791318864774624 0.48647757152164645 0.07114128777390738
-0.4757929883138564 0.2764851918008627 0.05351764570963466
-0.4724540901502504 -0.1428653379245456 -0.03084957129453446
-0.4691151919866444 -0.6061645564228196 -0.13622413215237866
-0.4657762938230384 -0.9188972090950437 -0.2065089393691168
-0.4624373956594324 -0.9535111076665762 -0.20802613304429324
-0.4590984974958263 -0.7041688848339207 -0.145097203121994
-0.4557595993322203 -0.27524451316306836 -0.05196893116238867
-0.4524207011686143 0.18287112091054647 0.03047209545928236
-0.44908180300500833 0.5497447336247941 0.07693711809325376
-0.44574290484140233 0.780246025860952 0.08586151166199474
-0.44240400667779634 0.8996854499521112 0.07127064335409439
-0.43906510851419034 0.9607261491142167 0.047104188954038506
-0.43572621035058434 0.9949717098432733 0.016567717012880956
-0.43238731218697823 0.9910394060191121 -0.02595565710996095
-0.42904841402337224 0.9105588244102882 -0.08281089419129178
-0.42570951585976624 0.727950230945188 -0.14102459156235458
-0.42237061769616024 0.4650944201600601 -0.1710733947423576
-0.41903171953255425 0.19635580213961765 -0.14013542578187826
-0.41569282136894825 0.018932235079310734 -0.03340152954326597
-0.41235392320534225 0.005335765718577461 0.12951924119715014
-0.40901502504173626 0.16557406237723105 0.2947296754691038
-0.40567612687813015 0.4404500985167829 0.3936319321975706
-0.40233722871452415 0.7289701658074166 0.373787586498666
-0.39899833055091816 0.9337582710445909 0.22579232786068376
-0.39565943238731216 0.9997826971668566 -0.008003000799080118
-0.39232053422370616 0.9277480834128712 -0.24832826903421684
-0.38898163606010017 0.7594223804035068 -0.4110618629282615
-0.38564273789649417 0.5478230045166943 -0.44172374492120237
-0.3823038397328882 0.331533237266428 -0.3366433939297961
-0.37896494156928207 0.12675125938727347 -0.14183461616282805
-0.37562604340567607 -0.06233533838019914 0.0686538441773016
-0.37228714524207007 -0.2259973405719267 0.22396305276211767
-0.3689482470784641 -0.33881311430767846 0.2829574894362385
-0.3656093489148581 -0.36525219696002564 0.24538239704207174
-0.3622704507512521 -0.2780646892730719 0.14501604877417212
-0.3589315525876461 -0.07766371315171311 0.03041234869836976
-0.3555926544240401 0.20038498896585236 -0.05662866958223055
-0.3522537562604341 0.49559790622632316 -0.09543895748788983
-0.348914858096828 0.7458319380193332 -0.0891077134981752
-0.345575959933222 0.9113457624156964 -0.05677295902575297
-0.342237061769616 0.987267131086225 -0.021229593626661103
-0.33889816360601 0.9989622138416018 0.001669932295311427
-0.335559265442404 0.9843645128320149 0.007632973423538303
-0.332220367278798 0.9738941306665732 0.002065780268096784
-0.328881469115192 0.978674835052843 -0.005688382569826678
-0.325542570951586 0.9918537202952309 -0.008284261058594589
-0.3222036727879799 0.9998610952574853 -0.0036288828962111608
-0.3188647746243739 0.9951694613866253 0.005391677539764994
-0.3155258764607679 0.98228504430992 0.013649979988874239
-0.3121869782971619 0.9736946113146447 0.016996481491104554
-0.3088480801335559 0.978945476265464 0.01424557486921213
-0.3055091819699499 0.9940968726714319 0.007242528171014784
-0.3021702838063439 0.9983447575847046 -0.0005738291468395107
-0.2988313856427379 0.9603593150669714 -0.006073384736767495
-0.2954924874791318 0.851524798811951 -0.007790638214539458
-0.2921535893155258 0.6598369507360399 -0.0062205348604683075
-0.2888146911519198 0.39823724611964995 -0.0031524023156305203
-0.2854757929883138 0.10409623924073134 -0.0005554486479755552
-0.28213689482470783 -0.16956520085862803 0.0003858099562413231
-0.27879799666110183 -0.36770599104398377 -0.00031711261658795564
-0.27545909849749584 -0.44746740086085246 -0.0016812281189641787
-0.27212020033388984 -0.3893453462655894 -0.0024087275968641686
-0.26878130217028373 -0.20291918336257353 -0.001621028051513207
-0.26544240400667773 0.0742670942007129 0.0006721976328453103
-0.26210350584307174 0.3851246209885262 0.0035662434603794257
-0.25876460767946574 0.6677001344326092 0.005701479802863896
-0.25542570951585974 0.8728048169506852 0.005936329739063162
-0.25208681135225375 0.9789937780014332 0.003932334586970232
-0.24874791318864775 0.9985866617716298 0.00036496412679193346
-0.24540901502504175 0.9706712476719885 -0.0033557745883487367
-0.24207011686143576 0.9422086661912653 -0.005734013420781503
-0.23873121869782965 0.9444568446241557 -0.0058936861795349516
-0.23539232053422365 0.9756947171346706 -0.00398556871369482
-0.23205342237061766 0.9999199683938071 -0.0010802528927768562
-0.22871452420701166 0.9644140676048001 0.00140566702539896
-0.22537562604340566 0.8295228730731362 0.002452039499747649
-0.22203672787979967 0.5964793952026431 0.0019480330685048286
-0.21869782971619367 0.3180481590688503 0.0006925043981216294
-0.21535893155258767 0.08371273037983826 -0.00012352005433177715
-0.21202003338898157 -0.016622099173176086 0.00033396955822418035
-0.20868113522537557 0.06520622059429776 0.0019886545560725277
-0.20534223706176957 0.30800634669211374 0.0038281741813946113
-0.20200333889816358 0.6233227252853604 0.004448995724047444
-0.19866444073455758 0.8888784705369912 0.0028890582665322406
-0.19532554257095158 0.9996198871282236 -0.0007144267996439524
-0.19198664440734559 0.9130849990282341 -0.005031315452560858
-0.1886477462437396 0.6673981256246959 -0.008103681586349165
-0.18530884808013348 0.36265898327281365 -0.008305192801879385
-0.18196994991652748 0.11401966329157262 -0.005202892389217492
-0.1786310517529215 -0.0013284989777856359 0.00013779660037811108
-0.1752921535893155 0.02218801013696095 0.005584206654008994
-0.1719532554257095 0.12033876972535791 0.008903486082723254
-0.1686143572621035 0.19508889360837048 0.008788023409250459
-0.1652754590984975 0.16667329083904509 0.005433140548508186
-0.1619365609348915 0.015820075605970325 0.00039365546734416914
-0.1585976627712854 -0.2046897023646181 -0.004186586947306212
-0.1552587646076794 -0.39451655102341243 -0.006570438215469432
-0.1519198664440734 -0.45378716448516365 -0.006155869332517133
-0.1485809682804674 -0.3307294958423885 -0.003607890429924071
-0.1452420701168614 -0.045729114009290445 -0.00038462624331565137
-0.1419031719532554 0.31913724834008383 0.00204991699535359
-0.13856427378964942 0.6586985803477988 0.002904836189980331
-0.13522537562604342 0.8914499773723592 0.0023094945667206934
-0.13188647746243742 0.9914124726817037 0.001061116510966853
-0.12854757929883132 0.990609440812052 0.00007123026560912349
-0.12520868113522532 0.9531565443327632 -0.0001556629544496868
-0.12186978297161932 0.9362029995378945 0.00026590799270592713
-0.11853088480801333 0.9587488610611818 0.0007770082372266507
-0.11519198664440733 0.9940855165325956 0.0007908866479314214
-0.11185308848080133 0.9884492135880522 0.00008600880791814758
-0.10851419031719534 0.8945739487145004 -0.0010521182154962228
-0.10517529215358934 0.7014300068864717 -0.0020058609368932556
-0.10183639398998323 0.44413716244928436 -0.0021966734252649722
-0.09849749582637723 0.1890553213005989 -0.0014280206469945989
-0.09515859766277124 0.0023228301943002314 -0.00000505820162098841
-0.09181969949916524 -0.08138047200896997 0.001426963503982595
-0.08848080133555924 -0.0736025184224887 0.0022236188994621126
-0.08514190317195325 -0.02316696131277298 0.002067192312163669
-0.08180300500834725 0.011277000774306193 0.001104439355911202
-0.07846410684474125 -0.007387112436757785 -0.00016253092055070872
-0.07512520868113515 -0.07559231520642407 -0.001154116013675141
-0.07178631051752915 -0.1514641368233596 -0.0014992817828189536
-0.06844741235392315 -0.17676507072616482 -0.0011815082110641084
-0.06510851419031716 -0.10667052891190468 -0.00048724702258252234
-0.06176961602671116 0.06771946118870914 0.0001887780646315472
-0.058430717863105164 0.3147998139641322 0.0005582722128746609
-0.05509181969949917 0.5769677359340473 0.0005579967453410162
-0.05175292153589317 0.7959325733682552 0.0003261246677770391
-0.04841402337228706 0.9359514198501575 0.00007576619381749472
-0.045075125208681066 0.9943301968226467 -0.00004399041229535827
-0.04173622704507507 0.9958612345755307 -0.000017544716786610515
-0.03839732888146907 0.9761146237393711 0.00006442110027138348
-0.035058430717863076 0.9633428112181852 0.00009334411948591637
-0.03171953255425708 0.9680419004598813 0.000025032116853396236
-0.028380634390651083 0.9839150181424542 -0.00009718733506441923
-0.025041736227045086 0.9974241447953731 -0.00018536326451717988
-0.02170283806343909 0.998969034548802 -0.00017794328485987165
-0.01836393989983298 0.9889834691985537 -0.0000860140937446463
-0.015025041736226985 0.9762408692132487 0.000016325657237248326
-0.011686143572620988 0.9707125346695498 0.000047437485989343386
-0.008347245409014992 0.9763702471896515 -0.000022080180390904314
-0.005008347245408995 0.9887517257132696 -0.0001480907172203283
-0.0016694490818029983 0.9985721732736539 -0.0002444793537348944
0.0016694490818029983 0.9985721732736539 -0.0002444793537348944
0.005008347245408995 0.9887517257132696 -0.0001480907172203283
0.008347245409014992 0.9763702471896515 -0.000022080180390904314
0.011686143572620988 0.9707125346695498 0.000047437485989343386
0.015025041736226985 0.9762408692132487 0.000016325657237248326
0.01836393989983298 0.9889834691985537 -0.0000860140937446463
0.0217028380634392 0.998969034548804 -0.00017794328485976063
0.025041736227045197 0.9974241447953736 -0.00018536326451734642
0.028380634390651194 0.9839150181424527 -0.00009718733506458577
0.03171953255425719 0.9680419004598818 0.000025032116854228903
0.03505843071786319 0.9633428112181868 0.00009334411948563881
0.038397328881469184 0.976114623739373 0.0000644211002724937
0.04173622704507518 0.9958612345755329 -0.000017544716786221937
0.04507512520868118 0.9943301968226466 -0.000043990412295080716
0.048414023372287174 0.9359514198501544 0.00007576619381760574
0.05175292153589317 0.7959325733682552 0.0003261246677770391
0.05509181969949917 0.5769677359340473 0.0005579967453410162
0.058430717863105164 0.3147998139641322 0.0005582722128746609
0.06176961602671116 0.06771946118870914 0.0001887780646315472
0.06510851419031716 -0.10667052891190468 -0.00048724702258252234
0.06844741235392315 -0.17676507072616482 -0.0011815082110641084
0.07178631051752915 -0.1514641368233596 -0.0014992817828189536
0.07512520868113515 -0.07559231520642407 -0.001154116013675141
0.07846410684474137 -0.0073871124367570935 -0.00016253092054960847
0.08180300500834736 0.011277000774304382 0.0011044393559103988
0.08514190317195336 -0.023166961312774396 0.002067192312163962
0.08848080133555936 -0.0736025184224906 0.002223618899461592
0.09181969949916535 -0.08138047200896875 0.001426963503982616
0.09515859766277135 0.002322830194305858 -0.000005058201620728635
0.09849749582637735 0.18905532130060693 -0.0014280206469954593
0.10183639398998334 0.4441371624492936 -0.0021966734252656106
0.10517529215358934 0.7014300068864717 -0.0020058609368932556
0.10851419031719534 0.8945739487145004 -0.0010521182154962228
0.11185308848080133 0.9884492135880522 0.00008600880791814758
0.11519198664440733 0.9940855165325956 0.0007908866479314214
0.11853088480801333 0.9587488610611818 0.0007770082372266507
0.12186978297161932 0.9362029995378945 0.00026590799270592713
0.12520868113522532 0.9531565443327632 -0.0001556629544496868
0.12854757929883132 0.990609440812052 0.00007123026560912349
0.13188647746243753 0.9914124726817075 0.0010611165109675191
0.13522537562604353 0.8914499773723563 0.0023094945667199163
0.13856427378964953 0.6586985803477913 0.0029048361899815522
0.14190317195325552 0.3191372483400725 0.0020499169953540897
0.14524207011686152 -0.045729114009302824 -0.0003846262433154432
0.14858096828046752 -0.3307294958423957 -0.00360789042992421
0.15191986644407351 -0.4537871644851647 -0.006155869332516523
0.1552587646076795 -0.39451655102339866 -0.00657043821546785
0.1585976627712855 -0.2046897023646118 -0.0041865869473075995
0.1619365609348915 0.015820075605970325 0.00039365546734416914
0.1652754590984975 0.16667329083904509 0.005433140548508186
0.1686143572621035 0.19508889360837048 0.008788023409250459
0.1719532554257095 0.12033876972535791 0.008903486082723254
0.1752921535893155 0.02218801013696095 0.005584206654008994
0.1786310517529215 -0.0013284989777856359 0.00013779660037811108
0.18196994991652748 0.11401966329157262 -0.005202892389217492
0.18530884808013348 0.36265898327281365 -0.008305192801879385
0.1886477462437397 0.6673981256247105 -0.008103681586349165
0.1919866444073457 0.9130849990282424 -0.005031315452560137
0.1953255425709517 0.9996198871282317 -0.0007144267996436748
0.1986644407345577 0.8888784705369641 0.0028890582665316855
0.2020033388981637 0.6233227252853526 0.004448995724047278
0.20534223706176968 0.30800634669210486 0.003828174181393612
0.20868113522537568 0.06520622059429201 0.0019886545560720732
0.21202003338898168 -0.01662209917317651 0.0003339695582231404
0.21535893155258767 0.08371273037983826 -0.00012352005433177715
0.21869782971619367 0.3180481590688503 0.0006925043981216294
0.22203672787979967 0.5964793952026431 0.0019480330685048286
0.22537562604340566 0.8295228730731362 0.002452039499747649
0.22871452420701166 0.9644140676048001 0.00140566702539896
0.23205342237061766 0.9999199683938071 -0.0010802528927768562
0.23539232053422365 0.9756947171346706 -0.00398556871369482
0.23873121869782965 0.9444568446241557 -0.0058936861795349516
0.24207011686143587 0.9422086661912457 -0.0057340134207817806
0.24540901502504187 0.9706712476719965 -0.0033557745883505685
0.24874791318864786 0.9985866617716362 0.0003649641267926551
0.25208681135225386 0.9789937780014379 0.003932334586972008
0.25542570951585986 0.8728048169506861 0.00593632973906455
0.25876460767946585 0.6677001344326038 0.005701479802864562
0.26210350584307185 0.38512462098851996 0.0035662434603782878
0.26544240400667785 0.07426709420070388 0.0006721976328439155
0.26878130217028384 -0.2029191833625787 -0.0016210280515137898
0.27212020033388984 -0.3893453462655894 -0.0024087275968641686
0.27545909849749584 -0.44746740086085246 -0.0016812281189641787
0.27879799666110183 -0.36770599104398377 -0.00031711261658795564
0.28213689482470783 -0.16956520085862803 0.0003858099562413231
0.2854757929883138 0.10409623924073134 -0.0005554486479755552
0.2888146911519198 0.39823724611964995 -0.0031524023156305203
0.2921535893155258 0.6598369507360399 -0.0062205348604683075
0.2954924874791318 0.851524798811951 -0.007790638214539458
0.29883138564273803 0.960359315066981 -0.006073384736766607
0.30217028380634403 0.9983447575846862 -0.0005738291468391776
0.30550918196995 0.9940968726714378 0.0072425281710157274
0.308848080133556 0.9789454762654475 0.01424557486921113
0.312186978297162 0.9736946113146527 0.01699648149110461
0.315525876460768 0.9822850443099294 0.013649979988873961
0.318864774624374 0.9951694613866353 0.00539167753976505
0.32220367278798 0.9998610952574958 -0.003628882896211827
0.325542570951586 0.9918537202952309 -0.008284261058594589
0.328881469115192 0.978674835052843 -0.005688382569826678
0.332220367278798 0.9738941306665732 0.002065780268096784
0.335559265442404 0.9843645128320149 0.007632973423538303
0.33889816360601 0.9989622138416018 0.001669932295311427
0.342237061769616 0.987267131086225 -0.021229593626661103
0.345575959933222 0.9113457624156964 -0.05677295902575297
0.348914858096828 0.7458319380193332 -0.0891077134981752
0.3522537562604342 0.4955979062263197 -0.09543895748789091
0.3555926544240402 0.20038498896584667 -0.0566286695822292
0.3589315525876462 -0.07766371315172083 0.030412348698372938
0.3622704507512522 -0.2780646892730788 0.14501604877417634
0.3656093489148582 -0.3652521969600314 0.24538239704207537
0.3689482470784642 -0.3388131143076678 0.2829574894362351
0.3722871452420702 -0.2259973405719245 0.22396305276211873
0.3756260434056762 -0.0623353383801919 0.06865384417729323
0.3789649415692822 0.12675125938727896 -0.14183461616283374
0.3823038397328882 0.331533237266428 -0.3366433939297961
0.38564273789649417 0.5478230045166943 -0.44172374492120237
0.38898163606010017 0.7594223804035068 -0.4110618629282615
0.39232053422370616 0.9277480834128712 -0.24832826903421684
0.39565943238731216 0.9997826971668566 -0.008003000799080118
0.39899833055091816 0.9337582710445909 0.22579232786068376
0.40233722871452415 0.7289701658074166 0.373787586498666
0.40567612687813015 0.4404500985167829 0.3936319321975706
0.40901502504173637 0.16557406237721883 0.29472967546909334
0.41235392320534237 0.00533576571857524 0.12951924119714572
0.41569282136894836 0.018932235079315032 -0.03340152954327126
0.41903171953255436 0.19635580213962733 -0.14013542578188204
0.42237061769616036 0.46509442016006464 -0.17107339474235572
0.42570951585976635 0.7279502309451904 -0.1410245915623493
0.42904841402337235 0.9105588244103031 -0.08281089419129067
0.43238731218697835 0.9910394060191259 -0.025955657109959507
0.43572621035058434 0.9949717098432733 0.016567717012880956
0.43906510851419034 0.9607261491142167 0.047104188954038506
0.44240400667779634 0.8996854499521112 0.07127064335409439
0.44574290484140233 0.780246025860952 0.08586151166199474
0.44908180300500833 0.5497447336247941 0.07693711809325376
0.4524207011686143 0.18287112091054647 0.03047209545928236
0.4557595993322203 -0.27524451316306836 -0.05196893116238867
0.4590984974958263 -0.7041688848339207 -0.145097203121994
0.46243739565943254 -0.9535111076665922 -0.20802613304429757
0.46577629382303853 -0.918897209095049 -0.20650893936911846
0.46911519198664453 -0.6061645564228182 -0.13622413215237864
0.4724540901502505 -0.14286533792452394 -0.030849571294530698
0.4757929883138565 0.2764851918008723 0.05351764570963581
0.4791318864774625 0.48647757152164345 0.07114128777390441
0.4824707846410685 0.4364881584548325 0.017483809606330364
0.4858096828046745 0.21654933056154624 -0.06257979862734561
0.4891485809682805 0.005896248168809223 -0.09775147526395649
0.4924874791318865 -0.02933253940493168 -0.03371409430808249
0.4958263772954925 0.16752891336863035 0.12849898285605613
0.4991652754590985 0.508023267371866 0.3243697203420116
0.5025041736227045 0.8045045294514709 0.4565784713676061
0.5058430717863105 0.8721056668512347 0.44923853820556936
0.5091819699499165 0.6295501753607476 0.29410605741126505
0.5125208681135225 0.14328080620969103 0.05962659015880849
0.5158597662771285 -0.4071354417411293 -0.14515141253778685
0.5191986644407347 -0.8195182176374293 -0.23205011001967998
0.5225375626043407 -0.9631986101245963 -0.1839642064892299
0.5258764607679467 -0.8268448141878744 -0.06257900147359374
0.5292153589315527 -0.5008986619234663 0.03201748787625819
0.5325542570951587 -0.11431510642031947 0.02516694379792367
0.5358931552587647 0.23191335552487985 -0.08534160729212241
0.5392320534223707 0.4973949442835209 -0.22944487185632487
0.5425709515859767 0.6912395367328124 -0.3125654929613479
0.5459098497495827 0.8364393071106724 -0.2801489214205007
0.5492487479131887 0.9408597154427495 -0.15626285938855788
0.5525876460767947 0.9947918651535266 -0.02956904786961545
0.5559265442404007 0.9911647510490368 0.005661912962550086
0.5592654424040067 0.9464215914795862 -0.08465562423597733
0.5626043405676127 0.9007065219826935 -0.24604348735137976
0.5659432387312187 0.8938826932707448 -0.36541195803438403
0.5692821368948247 0.9346893233380833 -0.3420955467717129
0.5726210350584309 0.9878117685581023 -0.15470956631393346
0.5759599332220369 0.9917430027052156 0.12026453064192544
0.5792988313856429 0.897675925961186 0.3518303093000057
0.5826377295492489 0.7031794641940765 0.4332441518367489
0.5859766277128549 0.45671289816738236 0.3461975277691282
0.5893155258764609 0.22902300911652085 0.1694334652428038
0.5926544240400669 0.07090748633354278 0.026699925851956068
0.5959933222036728 -0.013356721600224393 0.00812480748449801
0.5993322203672788 -0.058814645986795366 0.11576185194849016
0.6026711185308848 -0.10511269643407571 0.2674157426610893
0.6060100166944908 -0.16049658160666666 0.3543066145712108
0.6093489148580968 -0.1918634461078961 0.3134276357099335
0.6126878130217028 -0.14941425771220723 0.16726141178081896
0.6160267111853088 -0.009100938050142594 0.006400147671093077
0.6193656093489148 0.19777079027906264 -0.07152967652142872
0.6227045075125208 0.3908077250912522 -0.025707464999519647
0.6260434056761268 0.4817990344430884 0.10206311021794107
0.629382303839733 0.42637595717868754 0.2141867658775279
0.632721202003339 0.25387162442588396 0.21765668654989037
0.636060100166945 0.05647528819384669 0.07954283748001253
0.639398998330551 -0.05638213952776644 -0.15487606873440524
0.642737896494157 -0.012347485828373694 -0.3887122252163141
0.646076794657763 0.19024642993688762 -0.525503354604691
0.649415692821369 0.4850320284720667 -0.5154716583750789
0.652754590984975 0.7711448838443871 -0.3726084065988518
0.656093489148581 0.9573280871719743 -0.15890355279324825
0.659432387312187 0.9947264829000158 0.04995307575048874
0.662771285475793 0.8865970833652637 0.1967392530041805
0.666110183639399 0.6768613671450019 0.25839163125694947
0.669449081803005 0.4284592635163068 0.2432068199693435
0.672787979966611 0.2032428396984145 0.17738953212698996
0.676126878130217 0.049661144154440964 0.09127054091368444
0.679465776293823 -0.0022567154175322543 0.01129983690772092
0.6828046744574292 0.05730831720220465 -0.042547889192154846
0.6861435726210352 0.21638300928373036 -0.05822369880993286
0.6894824707846412 0.4407034667542764 -0.03520811405209456
0.6928213689482472 0.6783061858056938 0.011006972503486312
0.6961602671118532 0.8724695038488915 0.04905244106690099
0.6994991652754592 0.9812061153222217 0.041674375019184695
0.7028380634390652 0.9951576391401133 -0.03513569062606914
0.7061769616026712 0.9430870769906768 -0.17293975504867098
0.7095158597662772 0.8786788031288919 -0.3249445315660165
0.7128547579298832 0.8527526278762088 -0.42196772855643033
0.7161936560934892 0.885028337220175 -0.40605013331684653
0.7195325542570952 0.9518977636618482 -0.26445545870798093
0.7228714524207012 0.9984301612196771 -0.04321789065108034
0.7262103505843072 0.9685827547273916 0.17066315578083124
0.7295492487479132 0.8365309192626535 0.2912289732251576
0.7328881469115192 0.6214890014419968 0.27792745601829916
0.7362270450751252 0.37845489948184063 0.15840596455987188
0.7395659432387314 0.1710965633286374 0.016972358059052284
0.7429048414023374 0.04202800366659026 -0.046765035158845114
0.7462437395659434 -0.004307975377451706 0.02990444787153296
0.7495826377295494 0.0015152045791660823 0.2349542593022539
0.7529215358931554 0.01468104226003153 0.47944165782526116
0.7562604340567614 0.0033706008678762167 0.6379754316728328
0.7595993322203674 -0.03213954878523834 0.6164674068874512
0.7629382303839733 -0.05955874946703621 0.41082022260473294
0.7662771285475793 -0.034538766032847015 0.11663138112431973
0.7696160267111853 0.07126932290371574 -0.12488384396807227
0.7729549248747913 0.2520411175706734 -0.2150465629515787
0.7762938230383973 0.47116188363134515 -0.1584303774749653
0.7796327212020033 0.6820671663913203 -0.047777927179711355
0.7829716193656093 0.8496643463559402 0.017713279509852686
0.7863105175292153 0.9573171828582667 0.013446340197606599
0.7896494156928213 0.9994866719098678 -0.0014955489467211036
0.7929883138564275 0.97347743671954 0.0439520701302375
0.7963272120200335 0.8812564351718977 0.14887987687450382
0.7996661101836395 0.7368086945455312 0.22984177648482496
0.8030050083472455 0.5644740969836098 0.201697353758832
0.8063439065108515 0.3831284502755723 0.07485987585108186
0.8096828046744575 0.19118824052750977 -0.03143170663598534
0.8130217028380635 -0.026457187559431904 0.01519616347988045
0.8163606010016695 -0.26878889807203776 0.23831751123561873
0.8196994991652755 -0.49377117146495486 0.5192952570207003
0.8230383973288815 -0.6289282264392709 0.6865437113179527
0.8263772954924875 -0.61634271059349 0.6459103450083439
0.8297161936560935 -0.45436530761606186 0.43571810681407647
0.8330550918196995 -0.1976001713029275 0.16927305005780238
0.8363939899833055 0.08308522546358396 -0.06377926440421608
0.8397328881469115 0.3390770551062578 -0.2397602702067071
0.8430717863105175 0.544711611628163 -0.36468122856561863
0.8464106844741235 0.6694750130879565 -0.42375829458289815
0.8497495826377297 0.6658549870274206 -0.3845797584998968
0.8530884808013357 0.4996192866874031 -0.24746442840415797
0.8564273789649417 0.19741317850909823 -0.07624436315649204
0.8597662771285477 -0.1410967245269722 0.03545940143403845
0.8631051752921537 -0.3896828054959902 0.03417655096231262
0.8664440734557597 -0.46765674099403504 -0.05435505881432112
0.8697829716193657 -0.3813986436456866 -0.1501343463873248
0.8731218697829717 -0.20964776779105715 -0.18008471688080313
0.8764607679465777 -0.05374674431802244 -0.12573482982973513
0.8797996661101837 0.010747411784958099 -0.033316715481367117
0.8831385642737897 -0.03555372516258153 0.008559005230598193
0.8864774624373957 -0.14246132467516193 -0.08519874652971596
0.8898163606010017 -0.20052160810693775 -0.3344784290041633
0.8931552587646077 -0.09203842128010048 -0.6460273197185962
0.8964941569282137 0.22366648228235325 -0.8316595353013104
0.8998330550918197 0.6455234526133726 -0.7165794453645917
0.9031719532554259 0.9560861127298388 -0.27899901730002047
0.9065108514190319 0.9476851808528097 0.2956696286686793
0.9098497495826379 0.5683167126951764 0.7144147963133212
0.9131886477462439 -0.025893307167952573 0.7697254168537276
0.9165275459098499 -0.5563022517157854 0.48023771279210103
0.9198664440734559 -0.7840923061268552 0.07364096315276553
0.9232053422370619 -0.6394608653205314 -0.1730825077206781
0.9265442404006679 -0.2406421843214342 -0.12333137782714446
0.9298831385642738 0.20246122280695805 0.13574322387063945
0.9332220367278798 0.5310189984184696 0.3870616233259687
0.9365609348914858 0.7158005044088441 0.47773548305229996
0.9398998330550918 0.8144784912449841 0.4249090203748868
0.9432387312186978 0.880963038925967 0.3364872076012772
0.9465776293823038 0.936672865635315 0.26274949774210893
0.9499165275459098 0.9858436594092047 0.14306426383429743
0.9532554257095158 0.9926221577285784 -0.11508721341574218
0.9565943238731218 0.873926630387428 -0.47628489304268995
0.959933222036728 0.6059195855044207 -0.6855478133707119
0.963272120200334 0.32798623530553933 -0.46901950300236217
0.96661101836394 0.25581577776673997 0.07629716049142501
0.969949916527546 0.47900146945768846 0.4466738252738782
0.973288814691152 0.8491228462990443 0.2867042113442534
0.976627712854758 0.9846667037865544 -0.04472926171567487
0.979966611018364 0.45639742363731783 0.18737836826466664
0.98330550918197 -0.5208876234530057 0.6937857978119899
0.986644407345576 -0.6784142060663806 -0.06279798043391271
0.989983305509182 -0.2034402042675198 -0.7620637910316753
0.993322203672788 -0.8982149530303958 0.3506036897189747
0.996661101836394 -0.36736623959238734 -0.7900422011884045
1 -0.9180836129571704 -0.3963867803288995
