-0.07303570616162114 0 0
-0.14939619771306606 0 0
-0.22916203222337278 0 0
-0.3124151127253521 0 0
-0.3992387049251065 0 0
-0.48971745459018845 0 0
-0.5839374051179533 0 0
-0.681986015285689 0 0
-0.7839521771840973 1 0
-0.8899262343357321 1 0
0.8899262343357323 1 0
0.7839521771840974 1 0
0.6819860152856891 0 0
0.5839374051179534 0 0
0.4897174545901884 0 0
0.3992387049251066 0 0
0.3124151127253522 0 0
0.2291620322233729 0 0
0.14939619771306617 0 0
0.07303570616162125 0 0


-1 -0.9998860027495043 -0.015099056447880732
-0.996661101836394 -0.7389534490610667 0.016565905577785145
-0.993322203672788 -0.555728723384175 -0.004196312036818806
-0.989983305509182 -0.42522589008997164 -0.053715941897436836
-0.986644407345576 -0.3308798915734211 -0.11686565499094584
-0.9833055091819699 -0.2613842708978464 -0.18465119307438876
-0.9799666110183639 -0.20865413669276806 -0.2522204350493365
-0.9766277128547579 -0.16658715260828644 -0.3173008143201283
-0.9732888146911519 -0.1303656222966774 -0.37903913434245906
-0.9699499165275459 -0.09610437062396235 -0.4371958645103741
-0.9666110183639399 -0.06070138283130236 -0.4916347790409912
-0.9632721202003339 -0.021791093049616794 -0.5420455421059946
-0.9599332220367279 0.022265642735887048 -0.5878391707943023
-0.9565943238731218 0.072394632529311 -0.6281622684628256
-0.9532554257095158 0.1288449002434352 -0.6619839567356662
-0.9499165275459098 0.19125556120240073 -0.6882183488381911
-0.9465776293823038 0.2587510315586199 -0.7058543220969435
-0.9432387312186978 0.33005742330812315 -0.7140726557858434
-0.9398998330550918 0.40363059585968714 -0.7123379174693444
-0.9365609348914858 0.47778594342264236 -0.7004585997719439
-0.9332220367278798 0.5508209341993586 -0.6786138598751095
-0.9298831385642738 0.6211231480694525 -0.647348826096502
-0.9265442404006677 0.6872586678991071 -0.6075429090183965
-0.9232053422370617 0.7480378559569449 -0.560357031744302
-0.9198664440734557 0.8025575737864944 -0.5071663408160177
-0.9165275459098498 0.8502206415985806 -0.4494849488374545
-0.9131886477462438 0.8907347052109744 -0.38888875963161984
-0.9098497495826378 0.9240936574542624 -0.32694159116939775
-0.9065108514190318 0.9505453561867108 -0.26512877624499853
-0.9031719532554257 0.9705496277372742 -0.20480130005560981
-0.8998330550918197 0.9847304942045474 -0.14713241904792884
-0.8964941569282137 0.9938262757322252 -0.09308766613078928
-0.8931552587646077 0.9986407573920819 -0.043408232587617335
-0.8898163606010017 0.9999980353384044 0.001393042598720473
-0.8864774624373957 0.9987030238319394 0.04102443481548673
-0.8831385642737897 0.9955089614659128 0.07539862343424641
-0.8797996661101837 0.9910926406777161 0.10460853829605593
-0.8764607679465777 0.9860375295061556 0.12889789683599617
-0.8731218697829717 0.9808244797303531 0.14862854175739693
-0.8697829716193656 0.9758293338686448 0.16424656031741663
-0.8664440734557596 0.9713264605110588 0.17624895683396002
-0.8631051752921536 0.9674970623397721 0.1851523839762273
-0.8597662771285476 0.9644410081472161 0.1914651382572155
-0.8564273789649416 0.9621909295644984 0.19566331108095608
-0.8530884808013356 0.9607273827916449 0.1981716760227868
-0.8497495826377295 0.9599939915405855 0.1993495998955136
-0.8464106844741235 0.959911645210537 0.19948200049481402
-0.8430717863105175 0.9603910117536585 0.19877514548004405
-0.8397328881469115 0.9613428243362132 0.19735689943743984
-0.8363939899833055 0.9626856026749513 0.19528088195064675
-0.8330550918196995 0.9643506634333807 0.19253389834583345
-0.8297161936560935 0.96628445080332 0.18904594468128394
-0.8263772954924875 0.9684483718722501 0.1847020660369289
-0.8230383973288815 0.9708164470729426 0.17935535767827965
-0.8196994991652755 0.9733711813055703 0.17284043697421375
-0.8163606010016694 0.9760981253265038 0.1649867744337692
-0.8130217028380634 0.978979630348239 0.15563134922575128
-0.8096828046744574 0.9819883034143465 0.14463018257429533
-0.8063439065108514 0.9850806499517126 0.1318683963847861
-0.8030050083472454 0.9881913466778455 0.11726853978184043
-0.7996661101836394 0.9912285269826636 0.1007970190034782
-0.7963272120200333 0.9940703865146127 0.08246855305747297
-0.7929883138564273 0.9965633335394277 0.06234865618819613
-0.7896494156928213 0.9985218211310458 0.04055421671255838
-0.7863105175292153 0.9997299105319508 0.01725229901845965
-0.7829716193656093 0.9999445307975152 -0.00734265905345205
-0.7796327212020033 0.9989003223152424 -0.03297304759811864
-0.7762938230383973 0.9963158835849923 -0.05934345667228852
-0.7729549248747913 0.9919011837684436 -0.08612697905273503
-0.7696160267111853 0.9853658593502144 -0.11297220145222192
-0.7662771285475793 0.9764280825796031 -0.13951064765728882
-0.7629382303839733 0.9648236723879671 -0.16536444948671353
-0.7595993322203672 0.9503151148905205 -0.1901540391520039
-0.7562604340567612 0.9327001696118536 -0.21350567810690907
-0.7529215358931552 0.911819758066652 -0.2350586614547841
-0.7495826377295493 0.887564861816173 -0.2544720622126142
-0.7462437395659433 0.8598821959131291 -0.2714309051308276
-0.7429048414023371 0.8287784688983657 -0.2856516844314768
-0.7395659432387311 0.7943230903002472 -0.29688716302747187
-0.7362270450751252 0.7566492389860887 -0.30493041197942966
-0.7328881469115192 0.7159532588536472 -0.3096180677678428
-0.7295492487479132 0.672492400472297 -0.3108328012058559
-0.7262103505843072 0.626580976788094 -0.30850500543812087
-0.7228714524207012 0.5785850464901969 -0.3026137215378901
-0.7195325542570952 0.5289157789153889 -0.29318682890437325
-0.7161936560934892 0.4780216885010105 -0.2803005342323281
-0.7128547579298832 0.42637995409160084 -0.26407819758664514
-0.7095158597662772 0.3744870584189408 -0.2446885374093076
-0.7061769616026712 0.32284899561058605 -0.2223432584662716
-0.7028380634390651 0.2719712996704564 -0.19729414814965834
-0.6994991652754591 0.2223491447615767 -0.16982968750150612
-0.6961602671118531 0.17445775923892154 -0.14027122409446557
-0.6928213689482471 0.12874338032643162 -0.10896875471738852
-0.689482470784641 0.08561495583688618 -0.07629636683787927
-0.686143572621035 0.04543677423139395 -0.04264738915751882
-0.682804674457429 0.008522175514823782 -0.008429303285808952
-0.679465776293823 -0.024871536083190496 0.025941529374817755
-0.676126878130217 -0.05454689001826324 0.060045269082713085
-0.672787979966611 -0.08036870445919603 0.09346406855986954
-0.669449081803005 -0.10226517901617892 0.12578755158165061
-0.666110183639399 -0.12022763885077373 0.15661823536124697
-0.662771285475793 -0.13430897520667304 0.18557683064304498
-0.659432387312187 -0.1446208563216409 0.21230735186262878
-0.656093489148581 -0.15132980857441586 0.23648196890893558
-0.652754590984975 -0.15465229010432555 0.2578055321203448
-0.649415692821369 -0.15484889764971835 0.2760197033231027
-0.6460767946577629 -0.15221786173432228 0.2909066281092723
-0.6427378964941569 -0.14708799545397128 0.3022920882480151
-0.6393989983305509 -0.13981126795575188 0.31004807818261826
-0.6360601001669449 -0.13075517533819098 0.31409475599616643
-0.6327212020033388 -0.12029507931020182 0.31440172699487406
-0.6293823038397328 -0.1088066777891721 0.3109886270776433
-0.6260434056761268 -0.09665876202915903 0.30392498320720507
-0.6227045075125208 -0.08420640224365658 0.29332933940467654
-0.6193656093489148 -0.07178468846696387 0.2793676485517528
-0.6160267111853088 -0.059703136060975645 0.26225094266820925
-0.6126878130217028 -0.048240846318863995 0.24223230697782866
-0.6093489148580968 -0.037642492550685025 0.2196031957071679
-0.6060100166944908 -0.0281151813617964 0.19468913989337167
-0.6026711185308848 -0.019826218041747015 0.1678449092227
-0.5993322203672788 -0.01290178453276912 0.13944920080049228
-0.5959933222036728 -0.007426518773119138 0.10989893750020552
-0.5926544240400667 -0.003443965700181427 0.07960326690957187
-0.5893155258764607 -0.0009578531928632929 0.04897735866997392
-0.5859766277128547 0.00006586897787487674 0.018436103008667055
-0.5826377295492488 -0.0003036976969019488 -0.011612183650510505
-0.5792988313856426 -0.001965729117917453 -0.0407719390445392
-0.5759599332220366 -0.004791514304355329 -0.06866631544874721
-0.5726210350584306 -0.008628697202079552 -0.09494281721359885
-0.5692821368948247 -0.013305819726622994 -0.1192785177298844
-0.5659432387312187 -0.018637059697874013 -0.14138476517916723
-0.5626043405676127 -0.0244270580971252 -0.1610112953427565
-0.5592654424040067 -0.03047573298907924 -0.17794968031667147
-0.5559265442404007 -0.03658298233245863 -0.19203605400467252
-0.5525876460767947 -0.04255318455207405 -0.20315306849609321
-0.5492487479131887 -0.04819941393632006 -0.2112310496131877
-0.5459098497495827 -0.05334729741109094 -0.21624833474631983
-0.5425709515859767 -0.057838449765217306 -0.21823079128287365
-0.5392320534223707 -0.06153343569753203 -0.21725052916819082
-0.5358931552587646 -0.06431421885420992 -0.21342383610434643
-0.5325542570951586 -0.06608607006416668 -0.20690837829206601
-0.5292153589315526 -0.0667789190062147 -0.19789972316168555
-0.5258764607679466 -0.06634814531473535 -0.18662725294959792
-0.5225375626043405 -0.0647748164289787 -0.17334954901007965
-0.5191986644407345 -0.06206539011444035 -0.15834933619179092
-0.5158597662771285 -0.058250909356822554 -0.14192808427090142
-0.5125208681135225 -0.05338572609991839 -0.12440036917328359
-0.5091819699499165 -0.04754579794614863 -0.10608810043205066
-0.5058430717863105 -0.040826608368928465 -0.08731472295125563
-0.5025041736227045 -0.03334076613455356 -0.06839950066237245
-0.4991652754590985 -0.025215343461712843 -0.049651987090886245
-0.4958263772954925 -0.016589014950077318 -0.031366783261615516
-0.4924874791318865 -0.007609060503138774 -0.013818676869262459
-0.4891485809682804 0.0015717046037567978 0.0027417516312487396
-0.4858096828046744 0.010798010637520554 0.018091980223864854
-0.4824707846410684 0.019915165829605647 0.032040789276607334
-0.4791318864774624 0.028771984250984192 0.04443084608679859
-0.4757929883138564 0.03722355740782084 0.055140591172660625
-0.4724540901502504 0.04513382292837522 0.0640854013755392
-0.4691151919866444 0.05237788945915536 0.07121801910076295
-0.4657762938230384 0.058844083141411783 0.07652825135143512
-0.4624373956594324 0.06443568765625654 0.08004195631649591
-0.4590984974958263 0.06907235666687908 0.08181934888783292
-0.4557595993322203 0.0726911844116915 0.08195266933946892
-0.4524207011686143 0.07524742708031901 0.0805632712607655
-0.44908180300500833 0.07671487431054748 0.07779819547369257
-0.44574290484140233 0.07708587656357177 0.07382630588598144
-0.44240400667779634 0.07637104016321304 0.06883407087213271
-0.43906510851419034 0.0745986073308624 0.06302107969994433
-0.43572621035058434 0.07181354353386354 0.05659538763364881
-0.43238731218697823 0.0680763588271611 0.04976878558448129
-0.42904841402337224 0.06346169355722217 0.04275209052105344
-0.42570951585976624 0.05805670177909188 0.0357505513080444
-0.42237061769616024 0.05195926799207422 0.02895946126151275
-0.41903171953255425 0.04527609432114281 0.022560063576632514
-0.41569282136894825 0.03812069606750297 0.01671582901578625
-0.41235392320534225 0.030611343642898154 0.011569176989044793
-0.40901502504173626 0.0228689883202123 0.007238701589336486
-0.40567612687813015 0.015015208019699364 0.0038169534588238276
-0.40233722871452415 0.007170207557034935 0.001368816778221376
-0.39899833055091816 -0.0005490945347679341 -0.00006949158092955086
-0.39565943238731216 -0.008030863267721794 -0.000490786377254096
-0.39232053422370616 -0.015170002359988454 0.0000833597173963991
-0.38898163606010017 -0.02186964457975493 0.0016035166041212818
-0.38564273789649417 -0.028042458263705033 0.003993900281819994
-0.3823038397328882 -0.03361175487289317 0.007154443773057288
-0.37896494156928207 -0.03851238640871862 0.010963388685344655
-0.37562604340567607 -0.0426914254883958 0.01528034050066306
-0.37228714524207007 -0.04610862480418852 0.01994972171782952
-0.3689482470784641 -0.048736656499255064 0.024804549340511073
-0.3656093489148581 -0.05056113562619549 0.029670457044909147
-0.3622704507512521 -0.05158043525902753 0.03436987778311667
-0.3589315525876461 -0.051805303958799946 0.03872629965804099
-0.3555926544240401 -0.05125829910772297 0.04256850668916977
-0.3522537562604341 -0.04997305209430697 0.04573471658868784
-0.348914858096828 -0.0479933834276967 0.048076529865624114
-0.345575959933222 -0.04537228756591892 0.04946260842167217
-0.342237061769616 -0.04217080855010996 0.049782007215313104
-0.33889816360601 -0.03845682844233842 0.04894708944194611
-0.335559265442404 -0.03430379107233996 0.04689596387128599
-0.332220367278798 -0.02978938371890475 0.04359439234043191
-0.328881469115192 -0.02499419910115608 0.039037125742060995
-0.325542570951586 -0.0200003994551868 0.03324863797571201
-0.3222036727879799 -0.014890403548755888 0.02628323903582045
-0.3188647746243739 -0.00974561627140914 0.018224560473754738
-0.3155258764607679 -0.00464521896280989 0.009184418667465642
-0.3121869782971619 0.0003349630554694493 -0.0006989265647494137
-0.3088480801335559 0.005123501162279405 -0.011263088684220893
-0.3055091819699499 0.009654299779968158 -0.02232440591183113
-0.3021702838063439 0.013867417960888464 -0.03368127638305394
-0.2988313856427379 0.017709768003946868 -0.04511791631493661
-0.2954924874791318 0.02113568512165212 -0.0564084720510962
-0.2921535893155258 0.024107364404979136 -0.0673214096418525
-0.2888146911519198 0.026595163518881304 -0.07762409980067857
-0.2854757929883138 0.028577771672955027 -0.08708751176111978
-0.28213689482470783 0.03004224742041671 -0.0954909268190178
-0.27879799666110183 0.03098392971782092 -0.10262658123391162
-0.27545909849749584 0.031406228405033064 -0.10830414870235953
-0.27212020033388984 0.031320301820627144 -0.11235497479689283
-0.26878130217028373 0.030744630636469608 -0.11463597955073294
-0.26544240400667773 0.029704498164986652 -0.1150331496950913
-0.26210350584307174 0.02823138835531512 -0.11346454883106682
-0.25876460767946574 0.026362313445749873 -0.10988278192437215
-0.25542570951585974 0.024139083778592155 -0.1042768598080219
-0.25208681135225375 0.021607532612063454 -0.09667341970448719
-0.24874791318864775 0.018816708887766792 -0.08713726895574743
-0.24540901502504175 0.015818050839568436 -0.07577123098344243
-0.24207011686143576 0.01266455307159118 -0.06271528478698107
-0.23873121869782965 0.00940993930230953 -0.04814500181219458
-0.23539232053422365 0.006107852383521061 -0.03226929656994461
-0.23205342237061766 0.0028110724738615945 -0.015327519735669483
-0.22871452420701166 -0.00042922660579435197 0.0024140655970070245
-0.22537562604340566 -0.003564173764422085 0.020666372510124237
-0.22203672787979967 -0.006547841751811161 0.03912208119247973
-0.21869782971619367 -0.00933782606759603 0.057460660183069154
-0.21535893155258767 -0.011895755901824692 0.07535373755091465
-0.21202003338898157 -0.014187732522285626 0.09247073459496163
-0.20868113522537557 -0.01618469171476563 0.10848466904346536
-0.20534223706176957 -0.017862688065113583 0.1230780306652271
-0.20200333889816358 -0.019203100030035038 0.1359486297510779
-0.19866444073455758 -0.020192755862004835 0.14681531813173226
-0.19532554257095158 -0.02082398151878291 0.15542348328901595
-0.19198664440734559 -0.021094572687794758 0.16155021868456293
-0.1886477462437396 -0.02100769397945494 0.16500907763896736
-0.18530884808013348 -0.02057170918284476 0.16565432388324147
-0.18196994991652748 -0.019799947224642997 0.16338459918530218
-0.1786310517529215 -0.018710409122788374 0.1581459371143874
-0.1752921535893155 -0.017325421776103758 0.1499340619102356
-0.1719532554257095 -0.015671244878241508 0.13879592241517846
-0.1686143572621035 -0.013777637588106961 0.12483042293180871
-0.1652754590984975 -0.01167739183059574 0.10818832549668533
-0.1619365609348915 -0.00940583924319871 0.08907131121002848
-0.1585976627712854 -0.0070003388295636106 0.06773020172151618
-0.1552587646076794 -0.0044997523349295625 0.044462355526876884
-0.1519198664440734 -0.0019439142264024954 0.01960826716058759
-0.1485809682804674 0.000626897050509194 -0.006452589540358477
-0.1452420701168614 0.0031724801514184144 -0.033306620389965645
-0.1419031719532554 0.005653218209365325 -0.06051160653229641
-0.13856427378964942 0.008030566873627923 -0.08760276052299878
-0.13522537562604342 0.01026751782998609 -0.11409925678504826
-0.13188647746243742 0.012329033114557783 -0.13951114199137696
-0.12854757929883132 0.014182446057972628 -0.1633465239339997
-0.12520868113522532 0.01579782524457045 -0.1851189319899181
-0.12186978297161932 0.01714829843458271 -0.20435473848186436
-0.11853088480801333 0.01821033396806092 -0.22060052812489106
-0.11519198664440733 0.01896397774063195 -0.23343030238889184
-0.11185308848080133 0.01939304440609256 -0.24245240700641857
-0.10851419031719534 0.019485262013256108 -0.2473160740004784
-0.10517529215358934 0.019232369818794004 -0.24771747445742104
-0.10183639398998323 0.018630169529003995 -0.24340518475741948
-0.09849749582637723 0.017678530707229453 -0.234184977005576
-0.09515859766277124 0.01638135153634797 -0.2199238538625194
-0.09181969949916524 0.014746476544278075 -0.2005532587137556
-0.08848080133555924 0.012785573282546092 -0.17607140398142695
-0.08514190317195325 0.010513970291666105 -0.14654467319168007
-0.08180300500834725 0.007950458991432215 -0.11210806597222552
-0.07846410684474125 0.0051170623983992775 -0.07296466926184747
-0.07512520868113515 0.002038773796855478 -0.02938415245238346
-0.07178631051752915 -0.0012567313262426202 0.018299701266277828
-0.06844741235392315 -0.0047394066268273485 0.06969240064850542
-0.06510851419031716 -0.008377165967039912 0.12434304840552937
-0.06176961602671116 -0.012136230562895853 0.18174948511221845
-0.058430717863105164 -0.015981488546950792 0.24136420782913315
-0.05509181969949917 -0.019876863273461637 0.3026009844116222
-0.05175292153589317 -0.023785686721175675 0.3648420737645112
-0.04841402337228706 -0.027671074404980095 0.4274459528895582
-0.045075125208681066 -0.031496298290005414 0.48975544360932466
-0.04173622704507507 -0.03522515430815071 0.5511061254595035
-0.03839732888146907 -0.03882232120495782 0.6108349165225132
-0.035058430717863076 -0.042253707592233125 0.6682887010031202
-0.03171953255425708 -0.04548678424654984 0.7228328811706495
-0.028380634390651083 -0.04849089887369806 0.7738597319330742
-0.025041736227045086 -0.05123757075243146 0.8207964387594663
-0.02170283806343909 -0.05370076287554609 0.86311270389544
-0.01836393989983298 -0.055857129420900986 0.9003278117596255
-0.015025041736226985 -0.057686236607817964 0.9320170519820834
-0.011686143572620988 -0.05917075522411974 0.9578174076347865
-0.008347245409014992 -0.060296623344505085 0.9774324266760268
-0.005008347245408995 -0.06105317800111504 0.9906362063288489
-0.0016694490818029983 -0.06143325481090367 0.9972764328632575
0.0016694490818029983 -0.06143325481090367 0.9972764328632575
0.005008347245408995 -0.06105317800111504 0.9906362063288489
0.008347245409014992 -0.060296623344505085 0.9774324266760268
0.011686143572620988 -0.05917075522411974 0.9578174076347865
0.015025041736226985 -0.057686236607817964 0.9320170519820834
0.01836393989983298 -0.055857129420900986 0.9003278117596255
0.0217028380634392 -0.05370076287554609 0.8631127038954394
0.025041736227045197 -0.05123757075243124 0.8207964387594648
0.028380634390651194 -0.04849089887369751 0.7738597319330727
0.03171953255425719 -0.045486784246549505 0.7228328811706481
0.03505843071786319 -0.042253707592233514 0.6682887010031183
0.038397328881469184 -0.03882232120495738 0.6108349165225115
0.04173622704507518 -0.035225154308150375 0.5511061254595013
0.04507512520868118 -0.03149629829000555 0.48975544360932277
0.048414023372287174 -0.027671074404980206 0.42744595288955645
0.05175292153589317 -0.023785686721175675 0.3648420737645112
0.05509181969949917 -0.019876863273461637 0.3026009844116222
0.058430717863105164 -0.015981488546950792 0.24136420782913315
0.06176961602671116 -0.012136230562895853 0.18174948511221845
0.06510851419031716 -0.008377165967039912 0.12434304840552937
0.06844741235392315 -0.0047394066268273485 0.06969240064850542
0.07178631051752915 -0.0012567313262426202 0.018299701266277828
0.07512520868113515 0.002038773796855478 -0.02938415245238346
0.07846410684474137 0.005117062398399028 -0.07296466926184925
0.08180300500834736 0.007950458991432555 -0.1121080659722262
0.08514190317195336 0.010513970291666008 -0.14654467319168138
0.08848080133555936 0.012785573282546078 -0.17607140398142712
0.09181969949916535 0.014746476544278811 -0.20055325871375704
0.09515859766277135 0.016381351536348038 -0.21992385386251972
0.09849749582637735 0.017678530707230564 -0.2341849770055764
0.10183639398998334 0.01863016952900344 -0.2434051847574201
0.10517529215358934 0.019232369818794004 -0.24771747445742104
0.10851419031719534 0.019485262013256108 -0.2473160740004784
0.11185308848080133 0.01939304440609256 -0.24245240700641857
0.11519198664440733 0.01896397774063195 -0.23343030238889184
0.11853088480801333 0.01821033396806092 -0.22060052812489106
0.12186978297161932 0.01714829843458271 -0.20435473848186436
0.12520868113522532 0.01579782524457045 -0.1851189319899181
0.12854757929883132 0.014182446057972628 -0.1633465239339997
0.13188647746243753 0.012329033114558144 -0.1395111419913767
0.13522537562604353 0.010267517829985737 -0.11409925678504738
0.13856427378964953 0.008030566873628207 -0.08760276052299798
0.14190317195325552 0.00565321820936578 -0.06051160653229617
0.14524207011686152 0.003172480151418045 -0.03330662038996439
0.14858096828046752 0.0006268970505093128 -0.006452589540357647
0.15191986644407351 -0.0019439142264032379 0.01960826716058815
0.1552587646076795 -0.004499752334930031 0.044462355526877474
0.1585976627712855 -0.0070003388295633365 0.06773020172151699
0.1619365609348915 -0.00940583924319871 0.08907131121002848
0.1652754590984975 -0.01167739183059574 0.10818832549668533
0.1686143572621035 -0.013777637588106961 0.12483042293180871
0.1719532554257095 -0.015671244878241508 0.13879592241517846
0.1752921535893155 -0.017325421776103758 0.1499340619102356
0.1786310517529215 -0.018710409122788374 0.1581459371143874
0.18196994991652748 -0.019799947224642997 0.16338459918530218
0.18530884808013348 -0.02057170918284476 0.16565432388324147
0.1886477462437397 -0.021007693979454498 0.16500907763896755
0.1919866444073457 -0.021094572687794383 0.16155021868456293
0.1953255425709517 -0.02082398151878284 0.15542348328901562
0.1986644407345577 -0.020192755862004044 0.1468153181317322
0.2020033388981637 -0.019203100030035218 0.13594862975107821
0.20534223706176968 -0.017862688065113916 0.12307803066522718
0.20868113522537568 -0.016184691714765706 0.10848466904346493
0.21202003338898168 -0.014187732522285251 0.09247073459496255
0.21535893155258767 -0.011895755901824692 0.07535373755091465
0.21869782971619367 -0.00933782606759603 0.057460660183069154
0.22203672787979967 -0.006547841751811161 0.03912208119247973
0.22537562604340566 -0.003564173764422085 0.020666372510124237
0.22871452420701166 -0.00042922660579435197 0.0024140655970070245
0.23205342237061766 0.0028110724738615945 -0.015327519735669483
0.23539232053422365 0.006107852383521061 -0.03226929656994461
0.23873121869782965 0.00940993930230953 -0.04814500181219458
0.24207011686143587 0.012664553071591297 -0.06271528478698132
0.24540901502504187 0.015818050839568082 -0.07577123098344296
0.24874791318864786 0.01881670888776741 -0.08713726895574767
0.25208681135225386 0.0216075326120639 -0.09667341970448706
0.25542570951585986 0.02413908377859178 -0.10427685980802215
0.25876460767946585 0.02636231344574974 -0.10988278192437201
0.26210350584307185 0.028231388355315586 -0.11346454883106658
0.26544240400667785 0.02970449816498659 -0.11503314969509132
0.26878130217028384 0.030744630636469233 -0.11463597955073322
0.27212020033388984 0.031320301820627144 -0.11235497479689283
0.27545909849749584 0.031406228405033064 -0.10830414870235953
0.27879799666110183 0.03098392971782092 -0.10262658123391162
0.28213689482470783 0.03004224742041671 -0.0954909268190178
0.2854757929883138 0.028577771672955027 -0.08708751176111978
0.2888146911519198 0.026595163518881304 -0.07762409980067857
0.2921535893155258 0.024107364404979136 -0.0673214096418525
0.2954924874791318 0.02113568512165212 -0.0564084720510962
0.29883138564273803 0.017709768003946906 -0.045117916314936966
0.30217028380634403 0.013867417960887788 -0.033681276383053536
0.30550918196995 0.009654299779968512 -0.02232440591183042
0.308848080133556 0.005123501162278938 -0.011263088684220234
0.312186978297162 0.00033496305546922955 -0.0006989265647486677
0.315525876460768 -0.004645218962810024 0.009184418667465962
0.318864774624374 -0.009745616271409217 0.018224560473754512
0.32220367278798 -0.014890403548756159 0.026283239035820246
0.325542570951586 -0.0200003994551868 0.03324863797571201
0.328881469115192 -0.02499419910115608 0.039037125742060995
0.332220367278798 -0.02978938371890475 0.04359439234043191
0.335559265442404 -0.03430379107233996 0.04689596387128599
0.33889816360601 -0.03845682844233842 0.04894708944194611
0.342237061769616 -0.04217080855010996 0.049782007215313104
0.345575959933222 -0.04537228756591892 0.04946260842167217
0.348914858096828 -0.0479933834276967 0.048076529865624114
0.3522537562604342 -0.04997305209430731 0.045734716588687364
0.3555926544240402 -0.0512582991077232 0.04256850668916967
0.3589315525876462 -0.051805303958799724 0.03872629965804096
0.3622704507512522 -0.051580435259027696 0.03436987778311655
0.3656093489148582 -0.05056113562619565 0.029670457044907887
0.3689482470784642 -0.04873665649925498 0.024804549340510504
0.3722871452420702 -0.04610862480418879 0.019949721717829633
0.3756260434056762 -0.04269142548839529 0.015280340500662678
0.3789649415692822 -0.038512386408718256 0.010963388685344222
0.3823038397328882 -0.03361175487289317 0.007154443773057288
0.38564273789649417 -0.028042458263705033 0.003993900281819994
0.38898163606010017 -0.02186964457975493 0.0016035166041212818
0.39232053422370616 -0.015170002359988454 0.0000833597173963991
0.39565943238731216 -0.008030863267721794 -0.000490786377254096
0.39899833055091816 -0.0005490945347679341 -0.00006949158092955086
0.40233722871452415 0.007170207557034935 0.001368816778221376
0.40567612687813015 0.015015208019699364 0.0038169534588238276
0.40901502504173637 0.022868988320212655 0.0072387015893371955
0.41235392320534237 0.030611343642898314 0.011569176989044595
0.41569282136894836 0.03812069606750304 0.01671582901578584
0.41903171953255436 0.04527609432114314 0.022560063576633316
0.42237061769616036 0.05195926799207419 0.028959461261512845
0.42570951585976635 0.058056701779092126 0.035750551308044845
0.42904841402337235 0.06346169355722264 0.04275209052105399
0.43238731218697835 0.06807635882716127 0.049768785584481515
0.43572621035058434 0.07181354353386354 0.05659538763364881
0.43906510851419034 0.0745986073308624 0.06302107969994433
0.44240400667779634 0.07637104016321304 0.06883407087213271
0.44574290484140233 0.07708587656357177 0.07382630588598144
0.44908180300500833 0.07671487431054748 0.07779819547369257
0.4524207011686143 0.07524742708031901 0.0805632712607655
0.4557595993322203 0.0726911844116915 0.08195266933946892
0.4590984974958263 0.06907235666687908 0.08181934888783292
0.46243739565943254 0.06443568765625672 0.08004195631649619
0.46577629382303853 0.05884408314141227 0.07652825135143543
0.46911519198664453 0.05237788945915551 0.07121801910076225
0.4724540901502505 0.04513382292837431 0.06408540137553893
0.4757929883138565 0.03722355740781983 0.055140591172660076
0.4791318864774625 0.028771984250984154 0.04443084608679749
0.4824707846410685 0.019915165829605314 0.03204078927660689
0.4858096828046745 0.010798010637520743 0.018091980223863637
0.4891485809682805 0.0015717046037569916 0.0027417516312482275
0.4924874791318865 -0.007609060503138774 -0.013818676869262459
0.4958263772954925 -0.016589014950077318 -0.031366783261615516
0.4991652754590985 -0.025215343461712843 -0.049651987090886245
0.5025041736227045 -0.03334076613455356 -0.06839950066237245
0.5058430717863105 -0.040826608368928465 -0.08731472295125563
0.5091819699499165 -0.04754579794614863 -0.10608810043205066
0.5125208681135225 -0.05338572609991839 -0.12440036917328359
0.5158597662771285 -0.058250909356822554 -0.14192808427090142
0.5191986644407347 -0.06206539011444042 -0.15834933619179214
0.5225375626043407 -0.06477481642897895 -0.17334954901008062
0.5258764607679467 -0.06634814531473546 -0.18662725294959956
0.5292153589315527 -0.0667789190062149 -0.1978997231616862
0.5325542570951587 -0.06608607006416645 -0.20690837829206762
0.5358931552587647 -0.06431421885421065 -0.21342383610434768
0.5392320534223707 -0.06153343569753203 -0.21725052916819082
0.5425709515859767 -0.057838449765217306 -0.21823079128287365
0.5459098497495827 -0.05334729741109094 -0.21624833474631983
0.5492487479131887 -0.04819941393632006 -0.2112310496131877
0.5525876460767947 -0.04255318455207405 -0.20315306849609321
0.5559265442404007 -0.03658298233245863 -0.19203605400467252
0.5592654424040067 -0.03047573298907924 -0.17794968031667147
0.5626043405676127 -0.0244270580971252 -0.1610112953427565
0.5659432387312187 -0.018637059697874013 -0.14138476517916723
0.5692821368948247 -0.013305819726622994 -0.1192785177298844
0.5726210350584309 -0.008628697202079295 -0.09494281721359785
0.5759599332220369 -0.004791514304355402 -0.06866631544874452
0.5792988313856429 -0.00196572911791695 -0.040771939044537686
0.5826377295492489 -0.0003036976969016782 -0.011612183650509016
0.5859766277128549 0.00006586897787533297 0.018436103008667402
0.5893155258764609 -0.000957853192863331 0.04897735866997445
0.5926544240400669 -0.0034439657001815657 0.07960326690957298
0.5959933222036728 -0.007426518773119138 0.10989893750020552
0.5993322203672788 -0.01290178453276912 0.13944920080049228
0.6026711185308848 -0.019826218041747015 0.1678449092227
0.6060100166944908 -0.0281151813617964 0.19468913989337167
0.6093489148580968 -0.037642492550685025 0.2196031957071679
0.6126878130217028 -0.048240846318863995 0.24223230697782866
0.6160267111853088 -0.059703136060975645 0.26225094266820925
0.6193656093489148 -0.07178468846696387 0.2793676485517528
0.6227045075125208 -0.08420640224365658 0.29332933940467654
0.6260434056761268 -0.09665876202915903 0.30392498320720507
0.629382303839733 -0.10880667778917268 0.31098862707764463
0.632721202003339 -0.1202950793102014 0.31440172699487356
0.636060100166945 -0.13075517533819198 0.3140947559961661
0.639398998330551 -0.13981126795575183 0.31004807818261687
0.642737896494157 -0.1470879954539714 0.3022920882480145
0.646076794657763 -0.15221786173432283 0.29090662810927365
0.649415692821369 -0.15484889764971835 0.2760197033231027
0.652754590984975 -0.15465229010432555 0.2578055321203448
0.656093489148581 -0.15132980857441586 0.23648196890893558
0.659432387312187 -0.1446208563216409 0.21230735186262878
0.662771285475793 -0.13430897520667304 0.18557683064304498
0.666110183639399 -0.12022763885077373 0.15661823536124697
0.669449081803005 -0.10226517901617892 0.12578755158165061
0.672787979966611 -0.08036870445919603 0.09346406855986954
0.676126878130217 -0.05454689001826324 0.060045269082713085
0.679465776293823 -0.024871536083190496 0.025941529374817755
0.6828046744574292 0.008522175514825517 -0.00842930328581063
0.6861435726210352 0.045436774231396276 -0.042647389157520116
0.6894824707846412 0.08561495583688838 -0.07629636683788167
0.6928213689482472 0.1287433803264325 -0.10896875471738952
0.6961602671118532 0.17445775923892307 -0.14027122409446674
0.6994991652754592 0.2223491447615784 -0.1698296875015074
0.7028380634390652 0.2719712996704579 -0.19729414814965968
0.7061769616026712 0.32284899561058605 -0.2223432584662716
0.7095158597662772 0.3744870584189408 -0.2446885374093076
0.7128547579298832 0.42637995409160084 -0.26407819758664514
0.7161936560934892 0.4780216885010105 -0.2803005342323281
0.7195325542570952 0.5289157789153889 -0.29318682890437325
0.7228714524207012 0.5785850464901969 -0.3026137215378901
0.7262103505843072 0.626580976788094 -0.30850500543812087
0.7295492487479132 0.672492400472297 -0.3108328012058559
0.7328881469115192 0.7159532588536472 -0.3096180677678428
0.7362270450751252 0.7566492389860887 -0.30493041197942966
0.7395659432387314 0.7943230903002497 -0.29688716302747165
0.7429048414023374 0.8287784688983658 -0.2856516844314749
0.7462437395659434 0.8598821959131263 -0.27143090513082535
0.7495826377295494 0.8875648618161748 -0.2544720622126143
0.7529215358931554 0.9118197580666579 -0.23505866145478493
0.7562604340567614 0.9327001696118522 -0.2135056781069078
0.7595993322203674 0.9503151148905213 -0.19015403915200374
0.7629382303839733 0.9648236723879671 -0.16536444948671353
0.7662771285475793 0.9764280825796031 -0.13951064765728882
0.7696160267111853 0.9853658593502144 -0.11297220145222192
0.7729549248747913 0.9919011837684436 -0.08612697905273503
0.7762938230383973 0.9963158835849923 -0.05934345667228852
0.7796327212020033 0.9989003223152424 -0.03297304759811864
0.7829716193656093 0.9999445307975152 -0.00734265905345205
0.7863105175292153 0.9997299105319508 0.01725229901845965
0.7896494156928213 0.9985218211310458 0.04055421671255838
0.7929883138564275 0.9965633335394221 0.062348656188198515
0.7963272120200335 0.9940703865146113 0.08246855305747419
0.7996661101836395 0.9912285269826632 0.10079701900347904
0.8030050083472455 0.9881913466778474 0.11726853978184082
0.8063439065108515 0.9850806499517111 0.13186839638478653
0.8096828046744575 0.9819883034143482 0.14463018257429577
0.8130217028380635 0.9789796303482414 0.15563134922575272
0.8163606010016695 0.9760981253265049 0.16498677443376925
0.8196994991652755 0.9733711813055703 0.17284043697421375
0.8230383973288815 0.9708164470729426 0.17935535767827965
0.8263772954924875 0.9684483718722501 0.1847020660369289
0.8297161936560935 0.96628445080332 0.18904594468128394
0.8330550918196995 0.9643506634333807 0.19253389834583345
0.8363939899833055 0.9626856026749513 0.19528088195064675
0.8397328881469115 0.9613428243362132 0.19735689943743984
0.8430717863105175 0.9603910117536585 0.19877514548004405
0.8464106844741235 0.959911645210537 0.19948200049481402
0.8497495826377297 0.9599939915405824 0.1993495998955127
0.8530884808013357 0.9607273827916443 0.19817167602278646
0.8564273789649417 0.9621909295644968 0.19566331108095597
0.8597662771285477 0.9644410081472156 0.19146513825721523
0.8631051752921537 0.9674970623397717 0.18515238397622663
0.8664440734557597 0.9713264605110583 0.17624895683395936
0.8697829716193657 0.9758293338686435 0.16424656031741658
0.8731218697829717 0.9808244797303531 0.14862854175739693
0.8764607679465777 0.9860375295061556 0.12889789683599617
0.8797996661101837 0.9910926406777161 0.10460853829605593
0.8831385642737897 0.9955089614659128 0.07539862343424641
0.8864774624373957 0.9987030238319394 0.04102443481548673
0.8898163606010017 0.9999980353384044 0.001393042598720473
0.8931552587646077 0.9986407573920819 -0.043408232587617335
0.8964941569282137 0.9938262757322252 -0.09308766613078928
0.8998330550918197 0.9847304942045474 -0.14713241904792884
0.9031719532554259 0.9705496277372715 -0.2048013000556138
0.9065108514190319 0.9505453561867094 -0.26512877624500086
0.9098497495826379 0.9240936574542604 -0.32694159116939925
0.9131886477462439 0.8907347052109763 -0.388888759631622
0.9165275459098499 0.8502206415985777 -0.4494849488374564
0.9198664440734559 0.8025575737864917 -0.5071663408160199
0.9232053422370619 0.7480378559569428 -0.5603570317443036
0.9265442404006679 0.6872586678991077 -0.607542909018399
0.9298831385642738 0.6211231480694525 -0.647348826096502
0.9332220367278798 0.5508209341993586 -0.6786138598751095
0.9365609348914858 0.47778594342264236 -0.7004585997719439
0.9398998330550918 0.40363059585968714 -0.7123379174693444
0.9432387312186978 0.33005742330812315 -0.7140726557858434
0.9465776293823038 0.2587510315586199 -0.7058543220969435
0.9499165275459098 0.19125556120240073 -0.6882183488381911
0.9532554257095158 0.1288449002434352 -0.6619839567356662
0.9565943238731218 0.072394632529311 -0.6281622684628256
0.959933222036728 0.022265642735885105 -0.5878391707942996
0.963272120200334 -0.02179109304961857 -0.5420455421059931
0.96661101836394 -0.060701382831303524 -0.4916347790409923
0.969949916527546 -0.09610437062396346 -0.43719586451037235
0.973288814691152 -0.13036562229667886 -0.3790391343424576
0.976627712854758 -0.16658715260828752 -0.31730081432012636
0.979966611018364 -0.2086541366927694 -0.2522204350493359
0.98330550918197 -0.26138427089784927 -0.18465119307438563
0.986644407345576 -0.3308798915734211 -0.11686565499094584
0.989983305509182 -0.42522589008997164 -0.053715941897436836
0.993322203672788 -0.555728723384175 -0.004196312036818806
0.996661101836394 -0.7389534490610667 0.016565905577785145
1 -0.9998860027495043 -0.015099056447880732
