-0.07303570616162114 0 0
-0.14939619771306606 0 0
-0.22916203222337278 0 0
-0.3124151127253521 0 0
-0.3992387049251065 1 0
-0.48971745459018845 0 0
-0.5839374051179533 0 0
-0.681986015285689 0 0
-0.7839521771840973 0 0
-0.8899262343357321 1 0
0.8899262343357323 1 0
0.7839521771840974 0 0
0.6819860152856891 0 0
0.5839374051179534 0 0
0.4897174545901884 0 0
0.3992387049251066 1 0
0.3124151127253522 0 0
0.2291620322233729 0 0
0.14939619771306617 0 0
0.07303570616162125 0 0


-1 -0.9722416796782873 0.23397888002198375
-0.996661101836394 -0.9033473040268342 -0.13481509318641832
-0.993322203672788 -0.8627770627966138 -0.3652998488382028
-0.989983305509182 -0.8377014958178424 -0.48468271548665953
-0.986644407345576 -0.818316979437367 -0.5170272578740054
-0.9833055091819699 -0.7974287233585376 -0.4833347802226048
-0.9799666110183639 -0.7700497301147605 -0.4016861647649798
-0.9766277128547579 -0.7330250633582637 -0.28742566135464187
-0.9732888146911519 -0.6846873360342384 -0.15337175310644802
-0.9699499165275459 -0.6245466827241892 -0.010043292413600233
-0.9666110183639399 -0.5530164934377534 0.13410828850442355
-0.9632721202003339 -0.4711747341669987 0.2724677182251568
-0.9599332220367279 -0.38055965023952726 0.4000308309115148
-0.9565943238731218 -0.2829979458373596 0.5131895405604463
-0.9532554257095158 -0.18046307803649242 0.6095295327050411
-0.9499165275459098 -0.07496103358079222 0.6876424628352917
-0.9465776293823038 0.03155917722571548 0.746953744401744
-0.9432387312186978 0.13727310931622125 0.78756645577325
-0.9398998330550918 0.24052931587562099 0.8101214625669276
-0.9365609348914858 0.33988129619699115 0.8156735136162144
-0.9332220367278798 0.4341054999096884 0.8055828055920607
-0.9298831385642738 0.522207772380216 0.7814213079270177
-0.9265442404006677 0.6034204496228829 0.7448929850955776
-0.9232053422370617 0.6771921209903854 0.6977669393324055
-0.9198664440734557 0.7431718792427652 0.6418224175356122
-0.9165275459098498 0.8011896745909097 0.5788045768948813
-0.9131886477462438 0.8512341857751554 0.510389881132854
-0.9098497495826378 0.8934294206120524 0.43816000011940553
-0.9065108514190318 0.9280110638500834 0.36358310723533244
-0.9031719532554257 0.9553034044216463 0.2880015085280404
-0.8998330550918197 0.9756974997061753 0.21262459270563963
-0.8964941569282137 0.9896310732703829 0.1385261586019227
-0.8931552587646077 0.9975704963285987 0.06664525412711705
-0.8898163606010017 0.9999950730116753 -0.002210254874076084
-0.8864774624373957 0.9973837361209851 -0.06735807870275651
-0.8831385642737897 0.9902041635951598 -0.12823446317058748
-0.8797996661101837 0.9789042462246678 -0.18438622668779026
-0.8764607679465777 0.9639057736250801 -0.2354623003016025
-0.8731218697829717 0.9456001572061492 -0.28120511320455926
-0.8697829716193656 0.9243459746663876 -0.32144208951137576
-0.8664440734557596 0.9004680990139788 -0.3560774525157906
-0.8631051752921536 0.8742581647392186 -0.38508447099331633
-0.8597662771285476 0.8459761229393421 -0.4084982288951593
-0.8564273789649416 0.8158526443033798 -0.4264089551638439
-0.8530884808013356 0.7840921423127452 -0.43895591430005115
-0.8497495826377295 0.7508762072877201 -0.4463218303958469
-0.8464106844741235 0.7163672636032584 -0.44872779709842
-0.8430717863105175 0.6807122862367998 -0.446428612703079
-0.8397328881469115 0.6440464376742661 -0.4397084725039416
-0.8363939899833055 0.6064965111285084 -0.42887694879120875
-0.8330550918196995 0.5681840902221897 -0.41426519157390573
-0.8297161936560935 0.5292283581221721 -0.39622228932120407
-0.8263772954924875 0.48974851010706527 -0.3751117378723832
-0.8230383973288815 0.4498657423703811 -0.3513079763319928
-0.8196994991652755 0.4097048063039668 -0.3251929604756223
-0.8163606010016694 0.3693951314801381 -0.2971527562566233
-0.8130217028380634 0.3290715320623449 -0.26757414782904726
-0.8096828046744574 0.28887452050939055 -0.23684126558634933
-0.8063439065108514 0.24895025934597628 -0.20533224965579372
-0.8030050083472454 0.20945018664817933 -0.1734159727781145
-0.7996661101836394 0.17053035396374108 -0.14144885332543763
-0.7963272120200333 0.13235051689997643 -0.10977179423893269
-0.7929883138564273 0.09507301881951859 -0.0787072868500189
-0.7896494156928213 0.05886150723639304 -0.04855671990394156
-0.7863105175292153 0.023879520841154907 -0.019597933710517493
-0.7829716193656093 -0.009711017173996143 0.007916942667621179
-0.7796327212020033 -0.04175136647121316 0.033763336745212064
-0.7762938230383973 -0.07208756745649637 0.0577457307376977
-0.7729549248747913 -0.10057204249822334 0.07969878850312798
-0.7696160267111853 -0.1270651761649043 0.09948809387711256
-0.7662771285475793 -0.1514368529259606 0.11701049008402979
-0.7629382303839733 -0.17356793330506645 0.13219401733934733
-0.7595993322203672 -0.1933516517709571 0.14499745328342653
-0.7562604340567612 -0.21069492167474804 0.15540946829081265
-0.7529215358931552 -0.22551953429411523 0.16344741478225355
-0.7495826377295493 -0.23776324053706382 0.1691557762519193
-0.7462437395659433 -0.2473807051188917 0.17260430765538617
-0.7429048414023371 -0.25434432409208135 0.1738859039562192
-0.7395659432387311 -0.25864489752380876 0.17311423789788666
-0.7362270450751252 -0.26029214992740624 0.1704212113784337
-0.7328881469115192 -0.2593150918109705 0.16595426710894123
-0.7295492487479132 -0.2557622164563383 0.15987360851171578
-0.7262103505843072 -0.24970152682920177 0.15234937606306626
-0.7228714524207012 -0.24122038838576973 0.14355882753535346
-0.7195325542570952 -0.23042520451618667 0.1336835678921865
-0.7161936560934892 -0.2174409124755363 0.12290687200713529
-0.7128547579298832 -0.2024102989168399 0.111411139995401
-0.7095158597662772 -0.18549313556585567 0.09937552086914533
-0.7061769616026712 -0.1668651371642737 0.08697373556202276
-0.7028380634390651 -0.14671674554731223 0.07437212523714758
-0.6994991652754591 -0.12525174559671134 0.06172794532148186
-0.6961602671118531 -0.10268572079590699 0.04918792002764201
-0.6928213689482471 -0.0792443581796149 0.036887066360914426
-0.689482470784641 -0.05516161457802711 0.02494779089171338
-0.686143572621035 -0.03067775816506279 0.013479257023597183
-0.682804674457429 -0.006037301385940984 0.002577015218478839
-0.679465776293823 0.01851315668462997 -0.007677116241586072
-0.676126878130217 0.04272715866300684 -0.017214936780042222
-0.672787979966611 0.06636066630868326 -0.025981536007719852
-0.669449081803005 0.08917436413051949 -0.03393477705122587
-0.666110183639399 0.11093596500665963 -0.0410446171669016
-0.662771285475793 0.13142249281720902 -0.04729229392244967
-0.659432387312187 0.15042251656140487 -0.05266940634931584
-0.656093489148581 0.16773831026053768 -0.05717692086763214
-0.652754590984975 0.18318791315106275 -0.060824131478319596
-0.649415692821369 0.1966070652584803 -0.0636276027350863
-0.6460767946577629 0.2078509944128791 -0.06561012239838512
-0.6427378964941569 0.2167960321148821 -0.06679968849260862
-0.6393989983305509 0.223341037371628 -0.06722855280692683
-0.6360601001669449 0.2274086096740791 -0.06693233977901811
-0.6327212020033388 0.22894607465007435 -0.06594925626660056
-0.6293823038397328 0.22792622856627462 -0.06431940403706299
-0.6260434056761268 0.22434783072484665 -0.062084202986602284
-0.6227045075125208 0.2182358358608894 -0.059285929234341644
-0.6193656093489148 0.20964136184394108 -0.05596736841988184
-0.6160267111853088 0.19864139126835512 -0.05217158085759772
-0.6126878130217028 0.18533820882819835 -0.04794177175503812
-0.6093489148580968 0.16985857965749804 -0.04332125656647447
-0.6060100166944908 0.15235267702186236 -0.03835350879739115
-0.6026711185308848 0.13299277082010394 -0.03308227526251916
-0.5993322203672788 0.111971691245042 -0.027551741978506825
-0.5959933222036728 0.08950108461557184 -0.021806732579362994
-0.5926544240400667 0.06580948078656197 -0.015892920402301634
-0.5893155258764607 0.041140193634149926 -0.009857035213754828
-0.5859766277128547 0.01574907787266908 -0.0037470459268030385
-0.5826377295492488 -0.01009783313623663 0.002387698414423801
-0.5792988313856426 -0.036126782886873654 0.008496385670289168
-0.5759599332220366 -0.06205881419179819 0.01452673003842326
-0.5726210350584306 -0.08761233196945303 0.020425045931660772
-0.5692821368948247 -0.11250567981395217 0.02613641566166853
-0.5659432387312187 -0.1364597042516212 0.03160495731318218
-0.5626043405676127 -0.159200281374388 0.03677419600618336
-0.5592654424040067 -0.18046078163752532 0.04158753842453542
-0.5559265442404007 -0.19998444998814796 0.04598884712318225
-0.5525876460767947 -0.21752668011635448 0.04992310779624125
-0.5492487479131887 -0.232857163454758 0.053337179478630696
-0.5459098497495827 -0.2457618955537961 0.05618061464441678
-0.5425709515859767 -0.25604502458742884 0.05840653343158579
-0.5392320534223707 -0.26353052895418916 0.05997253383455
-0.5358931552587646 -0.2680637131896262 0.0608416177237466
-0.5325542570951586 -0.269512513657521 0.06098311102817591
-0.5292153589315526 -0.26776860769997746 0.060373555393470724
-0.5258764607679466 -0.26274832206544746 0.05899754813542357
-0.5225375626043405 -0.25439333846684403 0.05684850736565661
-0.5191986644407345 -0.24267119602193266 0.05392933977842902
-0.5158597662771285 -0.2275755920723753 0.050252989749667305
-0.5125208681135225 -0.20912648444866075 0.045842850092844195
-0.5091819699499165 -0.1873699996335002 0.04073301701132209
-0.5058430717863105 -0.1623781524693747 0.03496837444215021
-0.5025041736227045 -0.13424838405544476 0.028604496050485064
-0.4991652754590985 -0.10310292528865239 0.021707356546254643
-0.4958263772954925 -0.06908799413246537 0.014352847686874327
-0.4924874791318865 -0.032372835157148484 0.006626098226681757
-0.4891485809682804 0.006851389794903674 -0.0013793989045557471
-0.4858096828046744 0.048372850786424344 -0.009562844848451737
-0.4824707846410684 0.09196042970150559 -0.01781736712431024
-0.4791318864774624 0.13736522180885785 -0.02603141073664078
-0.4757929883138564 0.18432214994873755 -0.0340902691432619
-0.4724540901502504 0.23255168241951607 -0.04187773275039944
-0.4691151919866444 0.28176164574414997 -0.04927782957122118
-0.4657762938230384 0.33164912358164317 -0.056176630084454546
-0.4624373956594324 0.38190243309140337 -0.0624640862191343
-0.4590984974958263 0.4322031700393927 -0.0680358728199193
-0.4557595993322203 0.4822283138376942 -0.07279519895426904
-0.4524207011686143 0.5316523835204552 -0.07665455603665408
-0.44908180300500833 0.5801496353709769 -0.07953736998252718
-0.44574290484140233 0.6273962925223951 -0.0813795254709672
-0.44240400667779634 0.673072796359095 -0.08213073188230621
-0.43906510851419034 0.716866068952322 -0.08175570256620407
-0.43572621035058434 0.7584717750823685 -0.08023512175573305
-0.43238731218697823 0.7975965716449837 -0.0775663766315791
-0.42904841402337224 0.8339603314308106 -0.07376403570516808
-0.42570951585976624 0.867298327425899 -0.06886005876826277
-0.42237061769616024 0.8973633629354273 -0.06290372807929777
-0.41903171953255425 0.9239278320098414 -0.05596129514605738
-0.41569282136894825 0.9467856938843201 -0.048115342337788594
-0.41235392320534225 0.9657543444608118 -0.03946386353048356
-0.40901502504173626 0.9806763673001718 -0.030119072967847146
-0.40567612687813015 0.9914211461822653 -0.02020595641730684
-0.40233722871452415 0.9978863210672003 -0.0098605834261484
-0.39899833055091816 0.9999990692793325 0.000771796049158946
-0.39565943238731216 0.9977171939663861 0.01153884323992238
-0.39232053422370616 0.9910300023808565 0.0222833792780478
-0.38898163606010017 0.9799589573110841 0.03284575669218595
-0.38564273789649417 0.9645580860683974 0.04306631668233424
-0.3823038397328882 0.9449141328251188 0.052787893098096894
-0.37896494156928207 0.9211464417989216 0.06185832262058549
-0.37562604340567607 0.893406560790146 0.07013291989885787
-0.37228714524207007 0.8618775568909136 0.07747687633827473
-0.3689482470784641 0.8267730387833481 0.08376754188804629
-0.3656093489148581 0.7883358829070237 0.08889655052387505
-0.3622704507512521 0.746836663874957 0.09277175215235595
-0.3589315525876461 0.7025717928187335 0.09531891634820278
-0.3555926544240401 0.6558613708077782 0.0964831766334807
-0.3522537562604341 0.6070467680696908 0.09623018786929535
-0.348914858096828 0.5564879433896371 0.09454697369426443
-0.345575959933222 0.5045605217336593 0.09144244574131846
-0.342237061769616 0.451652651767834 0.08694758151782567
-0.33889816360601 0.39816166847484824 0.08111525326034627
-0.335559265442404 0.34449058944279914 0.0740197056860123
-0.332220367278798 0.291044476559303 0.06575568626567878
-0.328881469115192 0.2382266977293901 0.05643723734560694
-0.325542570951586 0.18643512579251975 0.04619616505023612
-0.3222036727879799 0.13605831398973148 0.03518020531534331
-0.3188647746243739 0.08747168907773342 0.023550912538084716
-0.3155258764607679 0.04103380445909191 0.011481301101826213
-0.3121869782971619 -0.0029173035410198483 -0.0008467256413300093
-0.3088480801335559 -0.04406761290214789 -0.013245120542512343
-0.3055091819699499 -0.08213042363742055 -0.02552257037531732
-0.3021702838063439 -0.1168494339499059 -0.03748746191738028
-0.2988313856427379 -0.14800154425967818 -0.04895089031925738
-0.2954924874791318 -0.175399350649439 -0.059729662518182056
-0.2921535893155258 -0.19889329195777386 -0.06964924803287217
-0.2888146911519198 -0.21837341798776028 -0.07854662981186161
-0.2854757929883138 -0.23377075006561096 -0.08627300890095885
-0.28213689482470783 -0.2450582094426636 -0.09269631853288413
-0.27879799666110183 -0.2522510937381577 -0.09770350579895394
-0.27545909849749584 -0.2554070867168018 -0.10120254230272932
-0.27212020033388984 -0.2546257921232578 -0.10312412907142898
-0.26878130217028373 -0.2500477879885178 -0.10342306545522956
-0.26544240400667773 -0.2418532037080166 -0.10207925671023926
-0.26210350584307174 -0.23025982819130603 -0.09909834036297496
-0.25876460767946574 -0.21552076341762236 -0.09451191721001824
-0.25542570951585974 -0.1979216437180341 -0.08837737882829796
-0.25208681135225375 -0.17777744695911035 -0.08077732966628691
-0.24874791318864775 -0.15542892944153255 -0.0718186080588654
-0.24540901502504175 -0.13123872166749792 -0.06163091676147111
-0.24207011686143576 -0.10558712709337796 -0.05036507973537235
-0.23873121869782965 -0.07886767049318569 -0.03819094783976284
-0.23539232053422365 -0.0514824465431576 -0.02529498170532846
-0.23205342237061766 -0.023837322633548562 -0.011877545289719273
-0.22871452420701166 0.0036629473366821107 0.001850051634355923
-0.22537562604340566 0.030619639372670433 0.015668719608336615
-0.22203672787979967 0.05664494587607434 0.02935491820283891
-0.21869782971619367 0.0813667715373656 0.042684098381447315
-0.21535893155258767 0.10443337818293644 0.05543420739414347
-0.21202003338898157 0.12551781916278285 0.0673892036594563
-0.20868113522537557 0.14432210569006326 0.07834252845825068
-0.20534223706176957 0.16058105015158813 0.0881004814249903
-0.20200333889816358 0.17406573477457157 0.09648544778573548
-0.19866444073455758 0.18458655812541072 0.10333892704532788
-0.19532554257095158 0.19199581668589816 0.10852431534666108
-0.19198664440734559 0.19618978414605528 0.11192939697822929
-0.1886477462437396 0.19711025700659837 0.11346850444710141
-0.18530884808013348 0.19474554152509305 0.11308431110723717
-0.18196994991652748 0.1891308638877529 0.11074922547229225
-0.1786310517529215 0.1803481926567767 0.10646636197375915
-0.1752921535893155 0.16852546993895223 0.10027006896798088
-0.1719532554257095 0.15383525524847286 0.0922260011613313
-0.1686143572621035 0.13649279359658661 0.08243073021894659
-0.1652754590984975 0.1167535268319973 0.07101089405219115
-0.1619365609348915 0.09491007457833249 0.05812189204499126
-0.1585976627712854 0.0712887181690851 0.043946140179654085
-0.1552587646076794 0.046245427669537056 0.028690906560246053
-0.1519198664440734 0.020161478306735304 0.012585754109257767
-0.1485809682804674 -0.006561291684409038 -0.004120376861636659
-0.1452420701168614 -0.03350552472924555 -0.02116240802161404
-0.1419031719532554 -0.06024362766232496 -0.03826264118451955
-0.13856427378964942 -0.08634323052195247 -0.05513450775437939
-0.13522537562604342 -0.1113727525693308 -0.07148649823790941
-0.13188647746243742 -0.13490700578496162 -0.08702621762560193
-0.12854757929883132 -0.15653276506042224 -0.10146451022383614
-0.12520868113522532 -0.1758542341813822 -0.11451959610108851
-0.12186978297161932 -0.19249833749600662 -0.1259211607148324
-0.11853088480801333 -0.20611976887792013 -0.13541433952386056
-0.11519198664440733 -0.21640573220822756 -0.14276354046285294
-0.11185308848080133 -0.223080311088429 -0.1477560490496299
-0.10851419031719534 -0.2259084098149384 -0.15020536358612824
-0.10517529215358934 -0.2246992127448193 -0.1499542113658545
-0.10183639398998323 -0.21930911499879027 -0.14687720096647
-0.09849749582637723 -0.20964408390920186 -0.14088307052888618
-0.09515859766277124 -0.19566141764637726 -0.13191649733711924
-0.09181969949916524 -0.17737087495693046 -0.11995943994067493
-0.08848080133555924 -0.15483515782675034 -0.10503199042074784
-0.08514190317195325 -0.12816973703741352 -0.08719272110364441
-0.08180300500834725 -0.09754201891251174 -0.06653851697566844
-0.07846410684474125 -0.06316985994111468 -0.0432038921551555
-0.07512520868113515 -0.025319444309815618 -0.017359795929423882
-0.07178631051752915 0.01569745243710707 0.010788079033980469
-0.06844741235392315 0.05952678246574913 0.04100146674160278
-0.06510851419031716 0.1057760887497285 0.07301214993232419
-0.06176961602671116 0.15401886641088408 0.1065250015207447
-0.058430717863105164 0.20379936999482803 0.14122140688425602
-0.05509181969949917 0.2546378085000413 0.1767630230485142
-0.05175292153589317 0.30603586483605605 0.21279582601785232
-0.04841402337228706 0.3574824720418507 0.24895439335343017
-0.045075125208681066 0.4084597751092176 0.28486636568182133
-0.04173622704507507 0.45844920467518124 0.32015702816956926
-0.03839732888146907 0.5069375872087784 0.35445395116320844
-0.035058430717863076 0.5534232156442302 0.38739162819643763
-0.03171953255425708 0.5974218047157882 0.41861604942153013
-0.028380634390651083 0.6384722565274386 0.44778914923401836
-0.025041736227045086 0.6761421641284154 0.4745930684191046
-0.02170283806343909 0.7100329840358466 0.498734173534614
-0.01836393989983298 0.739784812708767 0.5199467794257948
-0.015025041736226985 0.7650807068822278 0.5379965246988229
-0.011686143572620988 0.7856504933527717 0.5526833546077468
-0.008347245409014992 0.8012740201947278 0.5638440710702419
-0.005008347245408995 0.8117838083982636 0.5713544153481204
-0.0016694490818029983 0.8170670704635123 0.5751306552279012
0.0016694490818029983 0.8170670704635123 0.5751306552279012
0.005008347245408995 0.8117838083982636 0.5713544153481204
0.008347245409014992 0.8012740201947278 0.5638440710702419
0.011686143572620988 0.7856504933527717 0.5526833546077468
0.015025041736226985 0.7650807068822278 0.5379965246988229
0.01836393989983298 0.739784812708767 0.5199467794257948
0.0217028380634392 0.7100329840358452 0.4987341735346137
0.025041736227045197 0.6761421641284151 0.47459306841910387
0.028380634390651194 0.6384722565274379 0.44778914923401814
0.03171953255425719 0.5974218047157869 0.4186160494215292
0.03505843071786319 0.5534232156442294 0.3873916281964368
0.038397328881469184 0.5069375872087776 0.35445395116320766
0.04173622704507518 0.45844920467517947 0.320157028169568
0.04507512520868118 0.40845977510921616 0.2848663656818208
0.048414023372287174 0.3574824720418487 0.24895439335342873
0.05175292153589317 0.30603586483605605 0.21279582601785232
0.05509181969949917 0.2546378085000413 0.1767630230485142
0.058430717863105164 0.20379936999482803 0.14122140688425602
0.06176961602671116 0.15401886641088408 0.1065250015207447
0.06510851419031716 0.1057760887497285 0.07301214993232419
0.06844741235392315 0.05952678246574913 0.04100146674160278
0.07178631051752915 0.01569745243710707 0.010788079033980469
0.07512520868113515 -0.025319444309815618 -0.017359795929423882
0.07846410684474137 -0.06316985994111608 -0.04320389215515624
0.08180300500834736 -0.09754201891251216 -0.06653851697566866
0.08514190317195336 -0.12816973703741463 -0.08719272110364475
0.08848080133555936 -0.15483515782675092 -0.10503199042074807
0.09181969949916535 -0.17737087495693188 -0.11995943994067532
0.09515859766277135 -0.19566141764637823 -0.1319164973371199
0.09849749582637735 -0.20964408390920228 -0.14088307052888635
0.10183639398998334 -0.2193091149987905 -0.1468772009664699
0.10517529215358934 -0.2246992127448193 -0.1499542113658545
0.10851419031719534 -0.2259084098149384 -0.15020536358612824
0.11185308848080133 -0.223080311088429 -0.1477560490496299
0.11519198664440733 -0.21640573220822756 -0.14276354046285294
0.11853088480801333 -0.20611976887792013 -0.13541433952386056
0.12186978297161932 -0.19249833749600662 -0.1259211607148324
0.12520868113522532 -0.1758542341813822 -0.11451959610108851
0.12854757929883132 -0.15653276506042224 -0.10146451022383614
0.13188647746243753 -0.13490700578496073 -0.08702621762560162
0.13522537562604353 -0.11137275256933081 -0.07148649823790919
0.13856427378964953 -0.08634323052195192 -0.055134507754378094
0.14190317195325552 -0.06024362766232366 -0.038262641184518845
0.14524207011686152 -0.033505524729245055 -0.021162408021613465
0.14858096828046752 -0.006561291684408189 -0.004120376861637092
0.15191986644407351 0.020161478306735984 0.012585754109258369
0.1552587646076795 0.0462454276695382 0.028690906560247045
0.1585976627712855 0.07128871816908651 0.043946140179654834
0.1619365609348915 0.09491007457833249 0.05812189204499126
0.1652754590984975 0.1167535268319973 0.07101089405219115
0.1686143572621035 0.13649279359658661 0.08243073021894659
0.1719532554257095 0.15383525524847286 0.0922260011613313
0.1752921535893155 0.16852546993895223 0.10027006896798088
0.1786310517529215 0.1803481926567767 0.10646636197375915
0.18196994991652748 0.1891308638877529 0.11074922547229225
0.18530884808013348 0.19474554152509305 0.11308431110723717
0.1886477462437397 0.19711025700659823 0.11346850444710121
0.1919866444073457 0.19618978414605587 0.11192939697822929
0.1953255425709517 0.19199581668589788 0.10852431534666074
0.1986644407345577 0.1845865581254089 0.1033389270453273
0.2020033388981637 0.174065734774572 0.09648544778573559
0.20534223706176968 0.1605810501515888 0.08810048142499036
0.20868113522537568 0.14432210569006268 0.07834252845825032
0.21202003338898168 0.1255178191627827 0.06738920365945637
0.21535893155258767 0.10443337818293644 0.05543420739414347
0.21869782971619367 0.0813667715373656 0.042684098381447315
0.22203672787979967 0.05664494587607434 0.02935491820283891
0.22537562604340566 0.030619639372670433 0.015668719608336615
0.22871452420701166 0.0036629473366821107 0.001850051634355923
0.23205342237061766 -0.023837322633548562 -0.011877545289719273
0.23539232053422365 -0.0514824465431576 -0.02529498170532846
0.23873121869782965 -0.07886767049318569 -0.03819094783976284
0.24207011686143587 -0.10558712709337884 -0.0503650797353726
0.24540901502504187 -0.13123872166749947 -0.06163091676147196
0.24874791318864786 -0.15542892944153372 -0.07181860805886602
0.25208681135225386 -0.17777744695911057 -0.08077732966628752
0.25542570951585986 -0.19792164371803547 -0.08837737882829777
0.25876460767946585 -0.21552076341762288 -0.0945119172100192
0.26210350584307185 -0.23025982819130697 -0.09909834036297491
0.26544240400667785 -0.2418532037080166 -0.10207925671023962
0.26878130217028384 -0.2500477879885168 -0.10342306545522875
0.27212020033388984 -0.2546257921232578 -0.10312412907142898
0.27545909849749584 -0.2554070867168018 -0.10120254230272932
0.27879799666110183 -0.2522510937381577 -0.09770350579895394
0.28213689482470783 -0.2450582094426636 -0.09269631853288413
0.2854757929883138 -0.23377075006561096 -0.08627300890095885
0.2888146911519198 -0.21837341798776028 -0.07854662981186161
0.2921535893155258 -0.19889329195777386 -0.06964924803287217
0.2954924874791318 -0.175399350649439 -0.059729662518182056
0.29883138564273803 -0.1480015442596779 -0.04895089031925687
0.30217028380634403 -0.1168494339499036 -0.0374874619173795
0.30550918196995 -0.0821304236374194 -0.02552257037531755
0.308848080133556 -0.04406761290214628 -0.013245120542511344
0.312186978297162 -0.0029173035410189384 -0.0008467256413296376
0.315525876460768 0.04103380445909301 0.011481301101826725
0.318864774624374 0.087471689077735 0.023550912538085386
0.32220367278798 0.1360583139897333 0.035180205315343605
0.325542570951586 0.18643512579251975 0.04619616505023612
0.328881469115192 0.2382266977293901 0.05643723734560694
0.332220367278798 0.291044476559303 0.06575568626567878
0.335559265442404 0.34449058944279914 0.0740197056860123
0.33889816360601 0.39816166847484824 0.08111525326034627
0.342237061769616 0.451652651767834 0.08694758151782567
0.345575959933222 0.5045605217336593 0.09144244574131846
0.348914858096828 0.5564879433896371 0.09454697369426443
0.3522537562604342 0.6070467680696934 0.09623018786929655
0.3555926544240402 0.6558613708077804 0.0964831766334812
0.3589315525876462 0.7025717928187367 0.09531891634820312
0.3622704507512522 0.7468366638749605 0.09277175215235589
0.3656093489148582 0.788335882907027 0.0888965505238741
0.3689482470784642 0.8267730387833465 0.08376754188804565
0.3722871452420702 0.8618775568909172 0.0774768763382743
0.3756260434056762 0.8934065607901442 0.07013291989885767
0.3789649415692822 0.9211464417989186 0.06185832262058438
0.3823038397328882 0.9449141328251188 0.052787893098096894
0.38564273789649417 0.9645580860683974 0.04306631668233424
0.38898163606010017 0.9799589573110841 0.03284575669218595
0.39232053422370616 0.9910300023808565 0.0222833792780478
0.39565943238731216 0.9977171939663861 0.01153884323992238
0.39899833055091816 0.9999990692793325 0.000771796049158946
0.40233722871452415 0.9978863210672003 -0.0098605834261484
0.40567612687813015 0.9914211461822653 -0.02020595641730684
0.40901502504173637 0.9806763673001675 -0.03011907296784745
0.41235392320534237 0.9657543444608137 -0.03946386353048341
0.41569282136894836 0.946785693884316 -0.04811534233778898
0.41903171953255436 0.9239278320098434 -0.05596129514605784
0.42237061769616036 0.8973633629354238 -0.06290372807929837
0.42570951585976635 0.8672983274258951 -0.06886005876826293
0.42904841402337235 0.8339603314308119 -0.07376403570516848
0.43238731218697835 0.7975965716449844 -0.07756637663157881
0.43572621035058434 0.7584717750823685 -0.08023512175573305
0.43906510851419034 0.716866068952322 -0.08175570256620407
0.44240400667779634 0.673072796359095 -0.08213073188230621
0.44574290484140233 0.6273962925223951 -0.0813795254709672
0.44908180300500833 0.5801496353709769 -0.07953736998252718
0.4524207011686143 0.5316523835204552 -0.07665455603665408
0.4557595993322203 0.4822283138376942 -0.07279519895426904
0.4590984974958263 0.4322031700393927 -0.0680358728199193
0.46243739565943254 0.3819024330914028 -0.062464086219134074
0.46577629382303853 0.331649123581643 -0.05617663008445404
0.46911519198664453 0.28176164574414997 -0.04927782957122192
0.4724540901502505 0.23255168241951352 -0.041877732750398626
0.4757929883138565 0.18432214994873555 -0.03409026914326144
0.4791318864774625 0.13736522180885555 -0.026031410736640285
0.4824707846410685 0.09196042970150302 -0.01781736712430934
0.4858096828046745 0.048372850786421256 -0.00956284484845101
0.4891485809682805 0.006851389794903035 -0.0013793989045559024
0.4924874791318865 -0.032372835157148484 0.006626098226681757
0.4958263772954925 -0.06908799413246537 0.014352847686874327
0.4991652754590985 -0.10310292528865239 0.021707356546254643
0.5025041736227045 -0.13424838405544476 0.028604496050485064
0.5058430717863105 -0.1623781524693747 0.03496837444215021
0.5091819699499165 -0.1873699996335002 0.04073301701132209
0.5125208681135225 -0.20912648444866075 0.045842850092844195
0.5158597662771285 -0.2275755920723753 0.050252989749667305
0.5191986644407347 -0.24267119602193407 0.05392933977842828
0.5225375626043407 -0.254393338466845 0.05684850736565614
0.5258764607679467 -0.2627483220654481 0.05899754813542294
0.5292153589315527 -0.26776860769997707 0.06037355539347049
0.5325542570951587 -0.2695125136575213 0.060983111028176135
0.5358931552587647 -0.2680637131896273 0.060841617723746265
0.5392320534223707 -0.26353052895418916 0.05997253383455
0.5425709515859767 -0.25604502458742884 0.05840653343158579
0.5459098497495827 -0.2457618955537961 0.05618061464441678
0.5492487479131887 -0.232857163454758 0.053337179478630696
0.5525876460767947 -0.21752668011635448 0.04992310779624125
0.5559265442404007 -0.19998444998814796 0.04598884712318225
0.5592654424040067 -0.18046078163752532 0.04158753842453542
0.5626043405676127 -0.159200281374388 0.03677419600618336
0.5659432387312187 -0.1364597042516212 0.03160495731318218
0.5692821368948247 -0.11250567981395217 0.02613641566166853
0.5726210350584309 -0.08761233196945128 0.02042504593166085
0.5759599332220369 -0.062058814191795965 0.014526730038422538
0.5792988313856429 -0.03612678288687262 0.00849638567028896
0.5826377295492489 -0.010097833136235194 0.0023876984144232537
0.5859766277128549 0.015749077872669815 -0.003747045926803764
0.5893155258764609 0.04114019363415093 -0.00985703521375447
0.5926544240400669 0.06580948078656365 -0.015892920402301995
0.5959933222036728 0.08950108461557184 -0.021806732579362994
0.5993322203672788 0.111971691245042 -0.027551741978506825
0.6026711185308848 0.13299277082010394 -0.03308227526251916
0.6060100166944908 0.15235267702186236 -0.03835350879739115
0.6093489148580968 0.16985857965749804 -0.04332125656647447
0.6126878130217028 0.18533820882819835 -0.04794177175503812
0.6160267111853088 0.19864139126835512 -0.05217158085759772
0.6193656093489148 0.20964136184394108 -0.05596736841988184
0.6227045075125208 0.2182358358608894 -0.059285929234341644
0.6260434056761268 0.22434783072484665 -0.062084202986602284
0.629382303839733 0.2279262285662763 -0.0643194040370626
0.632721202003339 0.22894607465007424 -0.06594925626660059
0.636060100166945 0.2274086096740796 -0.06693233977901807
0.639398998330551 0.2233410373716273 -0.06722855280692644
0.642737896494157 0.21679603211488163 -0.06679968849260834
0.646076794657763 0.20785099441287988 -0.06561012239838543
0.649415692821369 0.1966070652584803 -0.0636276027350863
0.652754590984975 0.18318791315106275 -0.060824131478319596
0.656093489148581 0.16773831026053768 -0.05717692086763214
0.659432387312187 0.15042251656140487 -0.05266940634931584
0.662771285475793 0.13142249281720902 -0.04729229392244967
0.666110183639399 0.11093596500665963 -0.0410446171669016
0.669449081803005 0.08917436413051949 -0.03393477705122587
0.672787979966611 0.06636066630868326 -0.025981536007719852
0.676126878130217 0.04272715866300684 -0.017214936780042222
0.679465776293823 0.01851315668462997 -0.007677116241586072
0.6828046744574292 -0.006037301385942439 0.002577015218480399
0.6861435726210352 -0.030677758165064507 0.013479257023598668
0.6894824707846412 -0.0551616145780285 0.024947790891714314
0.6928213689482472 -0.07924435817961606 0.03688706636091432
0.6961602671118532 -0.10268572079590724 0.049187920027642384
0.6994991652754592 -0.1252517455967122 0.061727945321482666
0.7028380634390652 -0.14671674554731282 0.07437212523714817
0.7061769616026712 -0.1668651371642737 0.08697373556202276
0.7095158597662772 -0.18549313556585567 0.09937552086914533
0.7128547579298832 -0.2024102989168399 0.111411139995401
0.7161936560934892 -0.2174409124755363 0.12290687200713529
0.7195325542570952 -0.23042520451618667 0.1336835678921865
0.7228714524207012 -0.24122038838576973 0.14355882753535346
0.7262103505843072 -0.24970152682920177 0.15234937606306626
0.7295492487479132 -0.2557622164563383 0.15987360851171578
0.7328881469115192 -0.2593150918109705 0.16595426710894123
0.7362270450751252 -0.26029214992740624 0.1704212113784337
0.7395659432387314 -0.2586448975238089 0.17311423789788694
0.7429048414023374 -0.25434432409208063 0.17388590395621772
0.7462437395659434 -0.24738070511889032 0.1726043076553859
0.7495826377295494 -0.23776324053706374 0.16915577625191902
0.7529215358931554 -0.2255195342941161 0.16344741478225436
0.7562604340567614 -0.21069492167474663 0.15540946829081195
0.7595993322203674 -0.19335165177095587 0.14499745328342653
0.7629382303839733 -0.17356793330506645 0.13219401733934733
0.7662771285475793 -0.1514368529259606 0.11701049008402979
0.7696160267111853 -0.1270651761649043 0.09948809387711256
0.7729549248747913 -0.10057204249822334 0.07969878850312798
0.7762938230383973 -0.07208756745649637 0.0577457307376977
0.7796327212020033 -0.04175136647121316 0.033763336745212064
0.7829716193656093 -0.009711017173996143 0.007916942667621179
0.7863105175292153 0.023879520841154907 -0.019597933710517493
0.7896494156928213 0.05886150723639304 -0.04855671990394156
0.7929883138564275 0.09507301881952154 -0.07870728685002104
0.7963272120200335 0.13235051689997906 -0.10977179423893511
0.7996661101836395 0.17053035396374225 -0.14144885332543905
0.8030050083472455 0.20945018664818002 -0.17341597277811555
0.8063439065108515 0.24895025934597792 -0.20533224965579533
0.8096828046744575 0.28887452050939194 -0.23684126558634963
0.8130217028380635 0.3290715320623472 -0.2675741478290487
0.8163606010016695 0.36939513148013986 -0.2971527562566241
0.8196994991652755 0.4097048063039668 -0.3251929604756223
0.8230383973288815 0.4498657423703811 -0.3513079763319928
0.8263772954924875 0.48974851010706527 -0.3751117378723832
0.8297161936560935 0.5292283581221721 -0.39622228932120407
0.8330550918196995 0.5681840902221897 -0.41426519157390573
0.8363939899833055 0.6064965111285084 -0.42887694879120875
0.8397328881469115 0.6440464376742661 -0.4397084725039416
0.8430717863105175 0.6807122862367998 -0.446428612703079
0.8464106844741235 0.7163672636032584 -0.44872779709842
0.8497495826377297 0.7508762072877199 -0.4463218303958456
0.8530884808013357 0.7840921423127465 -0.43895591430004965
0.8564273789649417 0.8158526443033802 -0.42640895516384286
0.8597662771285477 0.8459761229393423 -0.4084982288951573
0.8631051752921537 0.8742581647392196 -0.3850844709933152
0.8664440734557597 0.9004680990139783 -0.3560774525157885
0.8697829716193657 0.9243459746663872 -0.32144208951137365
0.8731218697829717 0.9456001572061492 -0.28120511320455926
0.8764607679465777 0.9639057736250801 -0.2354623003016025
0.8797996661101837 0.9789042462246678 -0.18438622668779026
0.8831385642737897 0.9902041635951598 -0.12823446317058748
0.8864774624373957 0.9973837361209851 -0.06735807870275651
0.8898163606010017 0.9999950730116753 -0.002210254874076084
0.8931552587646077 0.9975704963285987 0.06664525412711705
0.8964941569282137 0.9896310732703829 0.1385261586019227
0.8998330550918197 0.9756974997061753 0.21262459270563963
0.9031719532554259 0.955303404421642 0.28800150852804574
0.9065108514190319 0.9280110638500816 0.3635831072353346
0.9098497495826379 0.8934294206120506 0.43816000011940714
0.9131886477462439 0.8512341857751576 0.5103898811328573
0.9165275459098499 0.8011896745909067 0.5788045768948825
0.9198664440734559 0.7431718792427635 0.6418224175356138
0.9232053422370619 0.6771921209903817 0.697766939332406
0.9265442404006679 0.6034204496228828 0.7448929850955803
0.9298831385642738 0.522207772380216 0.7814213079270177
0.9332220367278798 0.4341054999096884 0.8055828055920607
0.9365609348914858 0.33988129619699115 0.8156735136162144
0.9398998330550918 0.24052931587562099 0.8101214625669276
0.9432387312186978 0.13727310931622125 0.78756645577325
0.9465776293823038 0.03155917722571548 0.746953744401744
0.9499165275459098 -0.07496103358079222 0.6876424628352917
0.9532554257095158 -0.18046307803649242 0.6095295327050411
0.9565943238731218 -0.2829979458373596 0.5131895405604463
0.959933222036728 -0.3805596502395301 0.40003083091151015
0.963272120200334 -0.47117473416700134 0.27246771822515253
0.96661101836394 -0.5530164934377567 0.13410828850442147
0.969949916527546 -0.6245466827241919 -0.010043292413604951
0.973288814691152 -0.6846873360342397 -0.153371753106453
0.976627712854758 -0.7330250633582647 -0.28742566135464603
0.979966611018364 -0.770049730114763 -0.4016861647649816
0.98330550918197 -0.7974287233585395 -0.4833347802226067
0.986644407345576 -0.818316979437367 -0.5170272578740054
0.989983305509182 -0.8377014958178424 -0.48468271548665953
0.993322203672788 -0.8627770627966138 -0.3652998488382028
0.996661101836394 -0.9033473040268342 -0.13481509318641832
1 -0.9722416796782873 0.23397888002198375
