-0.0019598202531866315 0 0
-0.003922084271886509 1 0
-0.005886793679012843 0 0
-0.007853950098222241 1 0
-0.009823555153914093 1 0
-0.011795610471232633 1 0
-0.013770117676064895 0 0
-0.015747078395042673 0 0
-0.017726494255542423 0 0
-0.019708366885684784 0 0
-0.021692697914335656 1 0
-0.02367948897110604 1 0
-0.025668741686352827 1 0
-0.02766045769117836 0 0
-0.02965463861743104 1 0
-0.03165128609770559 1 0
-0.03365040176534325 1 0
-0.035651987254432 1 0
-0.03765604419980748 1 0
-0.039662574237051405 0 0
-0.041671579002494644 0 0
-0.0436830601332147 0 0
-0.04569701926703768 1 0
-0.047713458042538424 0 0
-0.04973237809903979 0 0
-0.051753781076613645 1 0
-0.05377766861608152 1 0
-0.05580404235901376 0 0
-0.05783290394773065 1 0
-0.05986425502530301 0 0
-0.06189809723555064 1 0
-0.06393443222304507 1 0
-0.06597326163310803 1 0
-0.06801458711181196 0 0
-0.07005841030598091 1 0
-0.07210473286319072 0 0
-0.07415355643176874 0 0
-0.07620488266079405 1 0
-0.07825871320009875 1 0
-0.08031504970026697 1 0
-0.08237389381263603 1 0
-0.08443524718929601 1 0
-0.08649911148309099 1 0
-0.08856548834761782 1 0
-0.09063437943722814 1 0
-0.09270578640702716 0 0
-0.09477971091287486 1 0
-0.09685615461138548 1 0
-0.09893511915992906 0 0
-0.10101660621662958 0 0
-0.1031006174403677 1 0
-0.10518715449077962 0 0
-0.1072762190282567 0 0
-0.10936781271394756 1 0
-0.11146193720975714 0 0
-0.11355859417834673 0 0
-0.11565778528313542 0 0
-0.11775951218829882 1 0
-0.11986377655877083 1 0
-0.12197058006024292 1 0
-0.12407992435916461 0 0
-0.12619181112274416 0 0
-0.12830624201894825 0 0
-0.13042321871650253 0 0
-0.13254274288489135 1 0
-0.1346648161943597 0 0
-0.13678944031591148 1 0
-0.13891661692130997 0 0
-0.14104634768308053 0 0
-0.14317863427450725 1 0
-0.1453134783696358 1 0
-0.14745088164327277 0 0
-0.14959084577098644 0 0
-0.15173337242910573 0 0
-0.15387846329472266 0 0
-0.15602612004569033 1 0
-0.15817634436062505 1 0
-0.1603291379189046 0 0
-0.16248450240067114 0 0
-0.16464243948682897 0 0
-0.166802950859046 0 0
-0.16896603819975434 1 0
-0.17113170319214957 1 0
-0.17329994752019187 1 0
-0.1754707728686055 0 0
-0.17764418092287973 0 0
-0.17982017336926923 1 0
-0.18199875189479342 1 0
-0.18417991818723783 0 0
-0.186363673935153 0 0
-0.1885500208278568 1 0
-0.19073896055543232 1 0
-0.19293049480872987 1 0
-0.19512462527936683 1 0
-0.19732135365972733 0 0
-0.19952068164296316 1 0
-0.20172261092299396 1 0
-0.20392714319450714 0 0
-0.20613428015295832 1 0
-0.20834402349457193 0 0
-0.21055637491634102 0 0
-0.21277133611602772 0 0
-0.2149889087921635 0 0
-0.21720909464404892 1 0
-0.21943189537175561 0 0
-0.22165731267612424 0 0
-0.2238853482587664 0 0
-0.22611600382206373 1 0
-0.22834928106916963 1 0
-0.23058518170400844 1 0
-0.23282370743127542 1 0
-0.23506485995643847 1 0
-0.23730864098573673 1 0
-0.2395550522261821 0 0
-0.24180409538555894 1 0
-0.2440557721724242 0 0
-0.24631008429610804 1 0
-0.24856703346671413 1 0
-0.25082662139511935 1 0
-0.2530888497929753 1 0
-0.2553537203727066 0 0
-0.2576212348475133 1 0
-0.25989139493136965 0 0
-0.262164202339025 0 0
-0.26443965878600384 0 0
-0.26671776598860614 0 0
-0.2689985256639082 0 0
-0.2712819395297614 0 0
-0.27356800930479414 1 0
-0.2758567367084116 1 0
-0.2781481234607949 0 0
-0.28044217128290333 0 0
-0.28273888189647295 0 0
-0.2850382570240174 1 0
-0.28734029838882896 0 0
-0.2896450077149773 1 0
-0.29195238672731116 0 0
-0.2942624371514576 0 0
-0.2965751607138231 1 0
-0.29889055914159346 0 0
-0.30120863416273325 0 0
-0.30352938750598824 1 0
-0.3058528209008828 1 0
-0.30817893607772295 0 0
-0.3105077347675949 0 0
-0.31283921870236514 0 0
-0.31517338961468255 1 0
-0.31751024923797644 0 0
-0.31984979930645835 1 0
-0.3221920415551218 1 0
-0.3245369777197428 0 0
-0.32688460953687937 0 0
-0.32923493874387266 1 0
-0.33158796707884697 1 0
-0.3339436962807098 0 0
-0.33630212808915244 1 0
-0.33866326424465004 0 0
-0.3410271064884618 0 0
-0.3433936565626317 1 0
-0.3457629162099883 0 0
-0.3481348871741449 1 0
-0.3505095711995004 1 0
-0.352886970031239 0 0
-0.3552670854153311 0 0
-0.35764991909853255 0 0
-0.36003547282838644 1 0
-0.3624237483532217 1 0
-0.3648147474221548 1 0
-0.3672084717850883 0 0
-0.369604923192714 1 0
-0.37200410339650997 1 0
-0.37440601414874264 1 0
-0.3768106572024667 0 0
-0.379218034311526 1 0
-0.38162814723055233 1 0
-0.3840409977149671 0 0
-0.38645658752098094 0 0
-0.38887491840559396 0 0
-0.3912959921265966 1 0
-0.3937198104425693 0 0
-0.3961463751128828 1 0
-0.39857568789769887 1 0
-0.40100775055796983 0 0
-0.4034425648554396 1 0
-0.405880132552644 1 0
-0.4083204554129101 1 0
-0.41076353520035747 1 0
-0.4132093736798976 1 0
-0.4156579726172354 1 0
-0.4181093337788681 1 0
-0.4205634589320861 1 0
-0.4230203498449737 0 0
-0.4254800082864087 1 0
-0.427942436026063 1 0
-0.430407634834403 1 0
-0.4328756064826893 0 0
-0.4353463527429775 1 0
-0.43781987538811823 0 0
-0.44029617619175826 1 0
-0.44277525692833924 1 0
-0.4452571193730988 1 0
-0.4477417653020711 1 0
-0.45022919649208676 0 0
-0.4527194147207736 0 0
-0.45521242176655535 0 0
-0.45770821940865397 1 0
-0.4602068094270891 1 0
-0.4627081936026784 0 0
-0.46521237371703666 1 0
-0.467719351552578 1 0
-0.47022912889251495 0 0
-0.47274170752085964 1 0
-0.47525708922242293 1 0
-0.4777752757828146 0 0
-0.4802962689884457 1 0
-0.48282007062652627 0 0
-0.48534668248506724 1 0
-0.4878761063528795 0 0
-0.4904083440195767 1 0
-0.492943397275571 1 0
-0.49548126791207814 0 0
-0.49802195772111524 0 0
-0.5005654684955008 0 0
-0.5031118020288559 1 0
-0.5056609601156048 0 0
-0.5082129445509742 0 0
-0.5107677571309932 0 0
-0.513325399652496 0 0
-0.5158858739131186 1 0
-0.5184491817113032 1 0
-0.5210153248462941 1 0
-0.5235843051181411 0 0
-0.5261561243276992 0 0
-0.5287307842766279 0 0
-0.5313082867673926 1 0
-0.5338886336032636 1 0
-0.536471826588317 0 0
-0.5390578675274372 1 0
-0.5416467582263125 0 0
-0.5442385004914393 0 0
-0.5468330961301207 0 0
-0.5494305469504671 1 0
-0.5520308547613969 1 0
-0.5546340213726358 1 0
-0.5572400485947189 1 0
-0.5598489382389871 1 0
-0.5624606921175931 0 0
-0.565075312043497 0 0
-0.5676927998304678 0 0
-0.5703131572930854 0 0
-0.5729363862467381 0 0
-0.5755624885076259 1 0
-0.5781914658927575 1 0
-0.5808233202199536 0 0
-0.583458053307845 1 0
-0.5860956669758745 0 0
-0.588736163044296 0 0
-0.5913795433341748 1 0
-0.5940258096673889 0 0
-0.5966749638666282 0 0
-0.599327007755396 1 0
-0.601981943158008 1 0
-0.6046397718995927 0 0
-0.6073004958060926 0 0
-0.6099641167042639 1 0
-0.6126306364216766 0 0
-0.6153000567867155 1 0
-0.6179723796285796 1 0
-0.6206476067772827 0 0
-0.6233257400636539 1 0
-0.6260067813193386 0 0
-0.6286907323767957 1 0
-0.631377595069303 0 0
-0.6340673712309522 0 0
-0.6367600626966532 1 0
-0.6394556713021309 0 0
-0.6421541988839297 1 0
-0.6448556472794094 0 0
-0.6475600183267481 1 0
-0.6502673138649432 1 0
-0.6529775357338079 0 0
-0.6556906857739763 0 0
-0.6584067658268993 0 0
-0.6611257777348488 1 0
-0.6638477233409147 0 0
-0.6665726044890071 0 0
-0.669300423023856 0 0
-0.6720311807910119 0 0
-0.6747648796368451 0 0
-0.677501521408547 0 0
-0.680241107954131 0 0
-0.6829836411224306 0 0
-0.6857291227631009 0 0
-0.6884775547266209 1 0
-0.6912289388642892 1 0
-0.6939832770282282 0 0
-0.6967405710713835 0 0
-0.6995008228475227 0 0
-0.7022640342112376 0 0
-0.7050302070179428 0 0
-0.7077993431238779 1 0
-0.7105714443861061 0 0
-0.7133465126625146 0 0
-0.7161245498118161 0 0
-0.7189055576935482 1 0
-0.7216895381680734 0 0
-0.7244764930965806 0 0
-0.7272664243410838 0 0
-0.7300593337644236 1 0
-0.732855223230267 0 0
-0.7356540946031076 0 0
-0.7384559497482662 1 0
-0.7412607905318912 0 0
-0.7440686188209581 0 0
-0.7468794364832705 1 0
-0.7496932453874601 0 0
-0.7525100474029869 1 0
-0.7553298444001403 1 0
-0.7581526382500381 1 0
-0.7609784308246275 0 0
-0.7638072239966854 0 0
-0.766639019639819 0 0
-0.7694738196284645 1 0
-0.77231162583789 0 0
-0.775152440144193 0 0
-0.7779962644243033 0 0
-0.7808431005559809 0 0
-0.783692950417818 0 0
-0.7865458158892387 0 0
-0.7894016988504992 1 0
-0.7922606011826873 1 0
-0.7951225247677252 1 0
-0.7979874714883667 1 0
-0.8008554432281999 0 0
-0.8037264418716453 0 0
-0.8066004693039589 1 0
-0.8094775274112292 0 0
-0.8123576180803803 0 0
-0.8152407431991707 0 0
-0.8181269046561939 0 0
-0.8210161043408786 1 0
-0.8239083441434892 1 0
-0.8268036259551261 0 0
-0.8297019516677258 1 0
-0.8326033231740614 0 0
-0.8355077423677422 1 0
-0.838415211143215 1 0
-0.8413257313957643 0 0
-0.8442393050215112 0 0
-0.8471559339174156 1 0
-0.8500756199812752 0 0
-0.8529983651117261 0 0
-0.8559241712082434 0 0
-0.858853040171141 1 0
-0.8617849739015723 0 0
-0.8647199743015301 1 0
-0.8676580432738478 1 0
-0.870599182722198 1 0
-0.8735433945510946 1 0
-0.8764906806658919 0 0
-0.8794410429727851 0 0
-0.8823944833788113 0 0
-0.8853510037918486 0 0
-0.8883106061206175 0 0
-0.8912732922746803 1 0
-0.8942390641644425 1 0
-0.8972079237011519 1 0
-0.900179872796899 0 0
-0.9031549133646185 0 0
-0.9061330473180882 0 0
-0.9091142765719302 0 0
-0.9120986030416105 0 0
-0.9150860286434399 1 0
-0.9180765552945737 1 0
-0.9210701849130128 1 0
-0.9240669194176031 0 0
-0.9270667607280362 0 0
-0.93006971076485 1 0
-0.9330757714494282 1 0
-0.9360849447040014 1 0
-0.939097232451647 0 0
-0.9421126366162894 1 0
-0.9451311591227005 1 0
-0.9481528018964999 1 0
-0.9511775668641553 0 0
-0.9542054559529826 1 0
-0.9572364710911462 0 0
-0.9602706142076596 1 0
-0.9633078872323851 1 0
-0.9663482920960351 1 0
-0.969391830730171 1 0
-0.9724385050672049 1 0
-0.9754883170403986 0 0
-0.978541268583865 0 0
-0.9815973616325678 0 0
-0.9846565981223218 0 0
-0.9877189799897932 1 0
-0.9907845091725004 0 0
-0.9938531876088135 1 0
-0.9969250172379549 1 0
0.9969250172379549 1 0
0.9938531876088135 1 0
0.9907845091725004 0 0
0.9877189799897933 1 0
0.9846565981223218 0 0
0.9815973616325678 0 0
0.978541268583865 0 0
0.9754883170403986 0 0
0.9724385050672049 1 0
0.9693918307301711 1 0
0.9663482920960351 1 0
0.9633078872323851 1 0
0.9602706142076595 1 0
0.9572364710911462 0 0
0.9542054559529826 1 0
0.9511775668641553 0 0
0.9481528018965 1 0
0.9451311591227005 1 0
0.9421126366162894 1 0
0.939097232451647 0 0
0.9360849447040015 1 0
0.9330757714494283 1 0
0.93006971076485 1 0
0.9270667607280363 0 0
0.9240669194176031 0 0
0.9210701849130128 1 0
0.9180765552945738 1 0
0.9150860286434399 1 0
0.9120986030416105 0 0
0.9091142765719302 0 0
0.9061330473180883 0 0
0.9031549133646185 0 0
0.900179872796899 0 0
0.8972079237011519 1 0
0.8942390641644427 1 0
0.8912732922746804 1 0
0.8883106061206175 0 0
0.8853510037918486 0 0
0.8823944833788113 0 0
0.8794410429727852 0 0
0.876490680665892 0 0
0.8735433945510948 1 0
0.8705991827221982 1 0
0.8676580432738479 1 0
0.8647199743015302 1 0
0.8617849739015723 0 0
0.858853040171141 1 0
0.8559241712082434 0 0
0.8529983651117261 0 0
0.8500756199812752 0 0
0.8471559339174157 1 0
0.8442393050215113 0 0
0.8413257313957643 0 0
0.8384152111432152 1 0
0.8355077423677422 1 0
0.8326033231740614 0 0
0.829701951667726 1 0
0.8268036259551262 0 0
0.8239083441434892 1 0
0.8210161043408787 1 0
0.818126904656194 0 0
0.8152407431991708 0 0
0.8123576180803804 0 0
0.8094775274112294 0 0
0.8066004693039589 1 0
0.8037264418716455 0 0
0.8008554432281999 0 0
0.7979874714883669 1 0
0.7951225247677254 1 0
0.7922606011826875 1 0
0.7894016988504992 1 0
0.7865458158892389 0 0
0.7836929504178182 0 0
0.780843100555981 0 0
0.7779962644243034 0 0
0.7751524401441933 0 0
0.77231162583789 0 0
0.7694738196284646 1 0
0.7666390196398191 0 0
0.7638072239966857 0 0
0.7609784308246277 0 0
0.7581526382500382 1 0
0.7553298444001404 1 0
0.752510047402987 1 0
0.7496932453874601 0 0
0.7468794364832706 1 0
0.7440686188209582 0 0
0.7412607905318914 0 0
0.7384559497482663 1 0
0.7356540946031077 0 0
0.732855223230267 0 0
0.7300593337644237 1 0
0.7272664243410838 0 0
0.7244764930965807 0 0
0.7216895381680736 0 0
0.7189055576935482 1 0
0.7161245498118163 0 0
0.7133465126625147 0 0
0.7105714443861061 0 0
0.7077993431238782 1 0
0.7050302070179431 0 0
0.7022640342112376 0 0
0.6995008228475228 0 0
0.6967405710713835 0 0
0.6939832770282284 0 0
0.6912289388642892 1 0
0.6884775547266209 1 0
0.6857291227631013 0 0
0.6829836411224305 0 0
0.680241107954131 0 0
0.6775015214085471 0 0
0.6747648796368451 0 0
0.6720311807910119 0 0
0.6693004230238562 0 0
0.6665726044890072 0 0
0.6638477233409148 0 0
0.661125777734849 1 0
0.6584067658268995 0 0
0.6556906857739763 0 0
0.652977535733808 0 0
0.6502673138649432 1 0
0.6475600183267485 1 0
0.6448556472794094 0 0
0.6421541988839297 1 0
0.6394556713021311 0 0
0.6367600626966531 1 0
0.6340673712309525 0 0
0.6313775950693032 0 0
0.6286907323767961 1 0
0.6260067813193385 0 0
0.6233257400636542 1 0
0.6206476067772827 0 0
0.6179723796285795 1 0
0.6153000567867154 1 0
0.6126306364216766 0 0
0.6099641167042638 1 0
0.6073004958060926 0 0
0.6046397718995927 0 0
0.601981943158008 1 0
0.5993270077553963 1 0
0.5966749638666284 0 0
0.5940258096673889 0 0
0.5913795433341749 1 0
0.588736163044296 0 0
0.5860956669758747 0 0
0.5834580533078453 1 0
0.5808233202199538 0 0
0.5781914658927576 1 0
0.5755624885076259 1 0
0.5729363862467384 0 0
0.5703131572930854 0 0
0.5676927998304679 0 0
0.5650753120434969 0 0
0.5624606921175932 0 0
0.5598489382389873 1 0
0.5572400485947188 1 0
0.5546340213726362 1 0
0.552030854761397 1 0
0.5494305469504671 1 0
0.5468330961301208 0 0
0.5442385004914393 0 0
0.5416467582263126 0 0
0.5390578675274373 1 0
0.5364718265883174 0 0
0.5338886336032634 1 0
0.5313082867673925 1 0
0.5287307842766281 0 0
0.5261561243276993 0 0
0.5235843051181412 0 0
0.5210153248462941 1 0
0.5184491817113033 1 0
0.5158858739131189 1 0
0.5133253996524961 0 0
0.5107677571309933 0 0
0.5082129445509741 0 0
0.505660960115605 0 0
0.5031118020288562 1 0
0.5005654684955009 0 0
0.49802195772111535 0 0
0.4954812679120784 0 0
0.49294339727557107 1 0
0.4904083440195766 1 0
0.4878761063528798 0 0
0.4853466824850671 1 0
0.4828200706265264 0 0
0.4802962689884458 1 0
0.4777752757828147 0 0
0.4752570892224228 1 0
0.47274170752085976 1 0
0.47022912889251506 0 0
0.4677193515525779 1 0
0.46521237371703655 1 0
0.4627081936026783 0 0
0.4602068094270892 1 0
0.4577082194086541 1 0
0.4552124217665553 0 0
0.45271941472077354 0 0
0.45022919649208687 0 0
0.4477417653020712 1 0
0.44525711937309886 1 0
0.44277525692833936 1 0
0.44029617619175837 1 0
0.4378198753881185 0 0
0.4353463527429776 1 0
0.4328756064826892 0 0
0.4304076348344031 1 0
0.42794243602606313 1 0
0.4254800082864088 1 0
0.4230203498449736 0 0
0.42056345893208597 1 0
0.418109333778868 1 0
0.4156579726172355 1 0
0.4132093736798977 1 0
0.4107635352003576 1 0
0.40832045541291023 1 0
0.4058801325526441 1 0
0.4034425648554397 1 0
0.40100775055796994 0 0
0.398575687897699 1 0
0.3961463751128829 1 0
0.39371981044256943 0 0
0.3912959921265967 1 0
0.38887491840559407 0 0
0.38645658752098105 0 0
0.3840409977149672 0 0
0.38162814723055244 1 0
0.3792180343115261 1 0
0.3768106572024668 0 0
0.37440601414874275 1 0
0.3720041033965101 1 0
0.3696049231927141 1 0
0.3672084717850884 0 0
0.3648147474221549 1 0
0.36242374835322183 1 0
0.36003547282838655 1 0
0.35764991909853266 0 0
0.3552670854153312 0 0
0.3528869700312391 0 0
0.3505095711995005 1 0
0.34813488717414504 1 0
0.3457629162099884 0 0
0.3433936565626318 1 0
0.3410271064884619 0 0
0.33866326424465015 0 0
0.33630212808915255 1 0
0.3339436962807099 0 0
0.3315879670788471 1 0
0.3292349387438728 1 0
0.3268846095368795 0 0
0.32453697771974294 0 0
0.32219204155512193 1 0
0.31984979930645846 1 0
0.3175102492379766 0 0
0.31517338961468266 1 0
0.3128392187023653 0 0
0.310507734767595 0 0
0.30817893607772306 0 0
0.3058528209008829 1 0
0.3035293875059884 1 0
0.30120863416273336 0 0
0.29889055914159357 0 0
0.2965751607138233 1 0
0.2942624371514577 0 0
0.2919523867273113 0 0
0.2896450077149774 1 0
0.2873402983888291 0 0
0.2850382570240175 1 0
0.28273888189647306 0 0
0.28044217128290344 0 0
0.27814812346079504 0 0
0.2758567367084117 1 0
0.27356800930479425 1 0
0.2712819395297615 0 0
0.26899852566390836 0 0
0.2667177659886063 0 0
0.26443965878600395 0 0
0.2621642023390251 0 0
0.25989139493136976 0 0
0.2576212348475134 1 0
0.2553537203727067 0 0
0.2530888497929754 1 0
0.25082662139511946 1 0
0.24856703346671424 1 0
0.24631008429610815 1 0
0.24405577217242433 0 0
0.24180409538555905 1 0
0.2395550522261822 0 0
0.23730864098573687 1 0
0.2350648599564386 1 0
0.23282370743127556 1 0
0.23058518170400855 1 0
0.22834928106916974 1 0
0.22611600382206384 1 0
0.22388534825876655 0 0
0.22165731267612435 0 0
0.21943189537175575 0 0
0.21720909464404906 1 0
0.21498890879216362 0 0
0.21277133611602786 0 0
0.21055637491634113 0 0
0.20834402349457204 0 0
0.20613428015295845 1 0
0.20392714319450728 0 0
0.2017226109229941 1 0
0.19952068164296327 1 0
0.19732135365972744 0 0
0.19512462527936697 1 0
0.19293049480873 1 0
0.19073896055543244 1 0
0.18855002082785693 1 0
0.18636367393515313 0 0
0.18417991818723795 0 0
0.18199875189479356 1 0
0.17982017336926934 1 0
0.17764418092287984 0 0
0.1754707728686056 0 0
0.17329994752019198 1 0
0.17113170319214968 1 0
0.16896603819975445 1 0
0.16680295085904612 0 0
0.1646424394868291 0 0
0.16248450240067128 0 0
0.16032913791890474 0 0
0.1581763443606252 1 0
0.15602612004569047 1 0
0.15387846329472277 0 0
0.15173337242910587 0 0
0.14959084577098655 0 0
0.14745088164327289 0 0
0.1453134783696359 1 0
0.14317863427450736 1 0
0.14104634768308066 0 0
0.1389166169213101 0 0
0.1367894403159116 1 0
0.1346648161943598 0 0
0.13254274288489146 1 0
0.13042321871650267 0 0
0.12830624201894836 0 0
0.12619181112274427 0 0
0.12407992435916473 0 0
0.12197058006024304 1 0
0.11986377655877095 1 0
0.11775951218829894 1 0
0.11565778528313554 0 0
0.11355859417834685 0 0
0.11146193720975726 0 0
0.10936781271394769 1 0
0.10727621902825682 0 0
0.10518715449077974 0 0
0.10310061744036783 1 0
0.10101660621662971 0 0
0.09893511915992918 0 0
0.09685615461138561 1 0
0.09477971091287499 1 0
0.09270578640702729 0 0
0.09063437943722827 1 0
0.08856548834761795 1 0
0.08649911148309111 1 0
0.08443524718929614 1 0
0.08237389381263614 1 0
0.0803150497002671 1 0
0.07825871320009888 1 0
0.07620488266079417 1 0
0.07415355643176885 0 0
0.07210473286319084 0 0
0.07005841030598102 1 0
0.06801458711181209 0 0
0.06597326163310815 1 0
0.06393443222304519 1 0
0.06189809723555076 1 0
0.05986425502530313 0 0
0.05783290394773077 1 0
0.055804042359013886 0 0
0.05377766861608164 1 0
0.05175378107661377 1 0
0.049732378099039916 0 0
0.04771345804253855 0 0
0.04569701926703781 1 0
0.043683060133214824 0 0
0.04167157900249477 0 0
0.03966257423705153 0 0
0.03765604419980761 1 0
0.03565198725443212 1 0
0.033650401765343375 1 0
0.031651286097705705 1 0
0.029654638617431162 1 0
0.027660457691178485 0 0
0.02566874168635295 1 0
0.023679488971106166 1 0
0.021692697914335778 1 0
0.019708366885684905 0 0
0.017726494255542544 0 0
0.015747078395042795 0 0
0.013770117676065018 0 0
0.011795610471232756 1 0
0.009823555153914216 1 0
0.007853950098222364 1 0
0.005886793679012966 0 0
0.003922084271886631 1 0
0.001959820253186754 0 0


-1 0.7945009145080725 0.6072629552721323
-0.996661101836394 0.5528421665006232 0.018372893013205882
-0.993322203672788 0.29303993338398593 0.4892473751634294
-0.989983305509182 -0.6089085908328036 -0.1897835111256685
-0.986644407345576 0.5625302522519275 0.6588255414549713
-0.9833055091819699 -0.5746297752629062 0.3799633991395529
-0.9799666110183639 0.8054382435854578 -0.09997889844560715
-0.9766277128547579 0.016034620184690845 -0.5100271863880197
-0.9732888146911519 0.46629778721354553 0.15376905547245664
-0.9699499165275459 0.7474343888413945 -0.09321541866925126
-0.9666110183639399 0.974608045417438 -0.05263243892020386
-0.9632721202003339 0.9995012052776624 -0.01569180493541833
-0.9599332220367279 0.5881183136484298 -0.5915222200456708
-0.9565943238731218 -0.6571269886526601 -0.6053824739189355
-0.9532554257095158 0.39531335490015324 -0.6588436559909859
-0.9499165275459098 0.2277283049371032 -0.9292196414082448
-0.9465776293823038 -0.6300288692930832 0.6789318279235679
-0.9432387312186978 0.301585168839637 0.019556498302433667
-0.9398998330550918 0.802529734599128 -0.45798744532153246
-0.9365609348914858 0.8138169696522656 0.329939088957022
-0.9332220367278798 0.929166269528346 -0.17030546825526655
-0.9298831385642738 0.9235920217588888 0.2923166036474185
-0.9265442404006677 0.22563512566936628 0.836890526269003
-0.9232053422370617 0.3923100135639893 -0.1694633790592146
-0.9198664440734557 0.5173671049612233 0.17986034425322533
-0.9165275459098498 -0.9455902753759701 -0.24046594205710023
-0.9131886477462438 -0.9603106302074482 0.16669173703825946
-0.9098497495826378 -0.30870311891519076 0.8851674877970227
-0.9065108514190318 -0.02593072924000512 -0.11157684400836303
-0.9031719532554257 0.031001621142994887 -0.010012255859360768
-0.8998330550918197 0.8442838910981655 0.061351436695716355
-0.8964941569282137 0.9585038940863301 0.25445549928721667
-0.8931552587646077 -0.9147655676099549 -0.24043875596691944
-0.8898163606010017 -0.9718158547551023 0.03292046009850946
-0.8864774624373957 0.7788290189190981 0.26845741793806077
-0.8831385642737897 -0.2745960955386192 0.23150785680895133
-0.8797996661101837 -0.7894547831240026 -0.15732771995157852
-0.8764607679465777 -0.05789427135507494 0.012970807455009389
-0.8731218697829717 0.8218445084764986 0.1220195078391669
-0.8697829716193656 0.6340268883496865 -0.7709596115182038
-0.8664440734557596 -0.6806268295755419 0.4339929909931602
-0.8631051752921536 0.9093278109587286 0.06089937851067084
-0.8597662771285476 -0.16788803352427248 0.10806733315283686
-0.8564273789649416 0.8420155556869219 -0.2569551440080629
-0.8530884808013356 -0.11322134264278721 0.13159130805298153
-0.8497495826377295 -0.08797202667629357 0.42511147723072423
-0.8464106844741235 0.9937883607559993 -0.06307722263202836
-0.8430717863105175 0.30781138420306375 0.3975199798028488
-0.8397328881469115 -0.7210775385823821 -0.42395514885345625
-0.8363939899833055 0.9622792718205766 -0.21926153324103387
-0.8330550918196995 -0.40718534850977117 -0.3557141096854257
-0.8297161936560935 0.9998500778779237 -0.016650594413146425
-0.8263772954924875 0.3321603598099573 -0.11270985146618702
-0.8230383973288815 -0.09549319376383295 0.14012971633210933
-0.8196994991652755 0.0030856491018704246 0.4120407979366255
-0.8163606010016694 0.9223013639448683 0.004115512222938489
-0.8130217028380634 -0.18967447217596106 0.24965465420071
-0.8096828046744574 -0.3531883092643109 -0.12525945260363824
-0.8063439065108514 0.8240267242784991 0.2942801091185664
-0.8030050083472454 -0.9542944231156154 0.28643889143903795
-0.7996661101836394 -0.504960331714158 -0.12670185435237027
-0.7963272120200333 0.8117598514614581 0.24461773106268825
-0.7929883138564273 0.18026846596350865 -0.799309136819772
-0.7896494156928213 0.868966717007888 -0.17648535075820487
-0.7863105175292153 -0.43493839442878807 0.14794340540809314
-0.7829716193656093 -0.8076697652312218 -0.506342608083058
-0.7796327212020033 0.5849667946989475 -0.4438850255490808
-0.7762938230383973 0.8476713623954122 0.249284052185336
-0.7729549248747913 -0.017888766913945732 0.1972122438098239
-0.7696160267111853 0.9854928194717223 -0.11268931101484198
-0.7662771285475793 0.15393097940005523 0.40253349914311376
-0.7629382303839733 -0.5481056266692496 0.6567025061317768
-0.7595993322203672 -0.9513326313731295 -0.24985245150544985
-0.7562604340567612 0.1772952750118831 -0.4950675930584764
-0.7529215358931552 0.9133220212546345 -0.29939550721004926
-0.7495826377295493 -0.1509383085894225 0.019448518810465387
-0.7462437395659433 0.9658454886009962 0.2360841380556755
-0.7429048414023371 0.5775107076862165 0.014594222424430175
-0.7395659432387311 0.4935126650516023 -0.7255762352424682
-0.7362270450751252 0.3029755602588369 -0.13703365966437173
-0.7328881469115192 0.027336011633374437 0.013500647509436444
-0.7295492487479132 0.9982177903280932 -0.05714289118360838
-0.7262103505843072 0.8814988574939586 0.00982756584529465
-0.7228714524207012 0.9997236718596122 0.008743483707535915
-0.7195325542570952 0.9477039572924666 -0.2687289975273429
-0.7161936560934892 -0.009664237862998424 -0.029538994766417928
-0.7128547579298832 0.046155946775339116 0.07502129559723814
-0.7095158597662772 -0.11645515629356872 0.08453208958716053
-0.7061769616026712 0.8369889956515982 0.061731363860223154
-0.7028380634390651 0.722975301106572 0.06890161544322798
-0.6994991652754591 -0.0028828573038388846 0.0007742456490694513
-0.6961602671118531 -0.702003926694115 0.11615963884242206
-0.6928213689482471 -0.6630680242831442 0.2296521761683117
-0.689482470784641 0.15329947409425806 0.5923223304944616
-0.686143572621035 -0.5345466913443654 0.00290740532730302
-0.682804674457429 0.31258396162135155 0.03189651624144085
-0.679465776293823 0.8900101846119312 -0.033752124876339884
-0.676126878130217 0.9917120769913061 -0.0002459171491461798
-0.672787979966611 0.7691340634700599 0.07121230229292039
-0.669449081803005 0.23532026070545317 0.04531474409757037
-0.666110183639399 -0.538392454623169 0.13427278641528348
-0.662771285475793 -0.2771600666582774 0.24605593274573076
-0.659432387312187 -0.977433964425242 0.021154600044202165
-0.656093489148581 -0.11199215715552287 0.2301393816705552
-0.652754590984975 -0.08164763293323683 -0.09500231808529074
-0.649415692821369 0.968859492999764 -0.0013789210291583198
-0.6460767946577629 0.8032882504586711 -0.03340410475012462
-0.6427378964941569 0.8435590457756738 -0.07134737940746638
-0.6393989983305509 -0.02613660301399834 0.05514346193523643
-0.6360601001669449 0.5610341459885808 -0.3046771724300932
-0.6327212020033388 0.9541271303918105 0.0056247097204374374
-0.6293823038397328 0.9426347957697625 -0.10688973703478272
-0.6260434056761268 0.03042015856571457 -0.001790102561653819
-0.6227045075125208 0.7110260955952751 0.2023192036320686
-0.6193656093489148 0.7364366165041025 0.012718913209177812
-0.6160267111853088 0.9399017562428077 0.05642359512452566
-0.6126878130217028 -0.008449613976365006 -0.0027762418890372106
-0.6093489148580968 0.9995238431770883 0.0022459029147500753
-0.6060100166944908 -0.8670797387845446 0.12976670284366681
-0.6026711185308848 0.9210911734205947 -0.0054731281775549645
-0.5993322203672788 0.9995584665969579 0.0007163625946289831
-0.5959933222036728 0.5846403054237052 0.008277880757529887
-0.5926544240400667 -0.007398628997619297 -0.1285776983604808
-0.5893155258764607 -0.09137849263750433 0.17535834687981863
-0.5859766277128547 0.07595453643114229 0.002077659780104376
-0.5826377295492488 0.9767069948154069 -0.01845522670379718
-0.5792988313856426 0.45707700971011356 0.0028046538919893893
-0.5759599332220366 0.9417091078891757 0.01260617670031583
-0.5726210350584306 0.30999101107537397 -0.04716942814046164
-0.5692821368948247 -0.16518323380502414 0.0387174560132081
-0.5659432387312187 -0.8724958003777352 -0.006141374852348391
-0.5626043405676127 -0.0033391773668726803 0.015380593166867957
-0.5592654424040067 0.9707429055744229 0.007057360602892526
-0.5559265442404007 0.9808531489942375 0.004099750510168865
-0.5525876460767947 0.9943348761706419 0.00028639617066122947
-0.5492487479131887 0.9903695109886705 0.0032995514069318888
-0.5459098497495827 0.10605466930099472 -0.1582795208164249
-0.5425709515859767 -0.46558594587069907 0.14806529860657133
-0.5392320534223707 0.9895198355690982 -0.0009878950123021757
-0.5358931552587646 0.13464508884702056 -0.01387023431174779
-0.5325542570951586 0.885693399114516 0.009665458353901646
-0.5292153589315526 0.13264365782346138 0.04635479506729983
-0.5258764607679466 -0.0675102101815309 -0.000543746691794262
-0.5225375626043405 0.5643414190778201 0.07238646360073628
-0.5191986644407345 0.9675882659280393 0.005344217719404354
-0.5158597662771285 0.999329550069024 -0.0006536273289450834
-0.5125208681135225 0.06260816651728685 0.08356581789631191
-0.5091819699499165 -0.9659237916050346 0.010319834983476273
-0.5058430717863105 0.1304994871284232 -0.021417440517990237
-0.5025041736227045 0.7709059363829451 0.031051419626291016
-0.4991652754590985 0.23509915658645647 -0.15520436879777125
-0.4958263772954925 -0.09184102359343055 0.03233030027402735
-0.4924874791318865 0.9806630167574861 -0.0019194319831122297
-0.4891485809682804 0.6468184817781415 -0.004871213054700174
-0.4858096828046744 0.9377024445930774 0.0030162696102467024
-0.4824707846410684 0.06265120491768003 -0.005507773874375278
-0.4791318864774624 0.6117574326607627 -0.002809359722874022
-0.4757929883138564 0.9208612664804203 0.012990308218116031
-0.4724540901502504 0.9914212279695487 0.00142097905673505
-0.4691151919866444 0.48924798759228727 0.008917901881804635
-0.4657762938230384 0.9281908868022026 0.003367238257674099
-0.4624373956594324 0.06266251377184973 0.004224131890571171
-0.4590984974958263 0.8752364324668007 0.0008599584321067333
-0.4557595993322203 0.04433818198373798 -0.00556638099700647
-0.4524207011686143 -0.23502717869590006 -0.0004458459789263708
-0.44908180300500833 0.8266104334568046 -0.003746026391430901
-0.44574290484140233 0.997789245807454 0.00019310098574742973
-0.44240400667779634 0.96720694249826 -0.0002271306715087018
-0.43906510851419034 0.5255319223240948 -0.00345711038763441
-0.43572621035058434 0.9789911218746188 0.0019475400924708897
-0.43238731218697823 0.19822746716856451 0.0005390680782794144
-0.42904841402337224 0.993454323369088 0.0006312763848997371
-0.42570951585976624 0.9871675698354846 0.0001281491569014026
-0.42237061769616024 0.09502789672884154 0.0005974452058516988
-0.41903171953255425 0.937178462763348 0.00005727139348382648
-0.41569282136894825 0.952761173529412 0.000009978350168471373
-0.41235392320534225 0.9216890112202614 0.0004984388090799596
-0.40901502504173626 0.9650517042584712 -0.00014155493953893483
-0.40567612687813015 0.9372635692433987 0.00009068917449639446
-0.40233722871452415 0.4830581537635473 0.0006898073382832492
-0.39899833055091816 0.9001138651754057 -0.0012183110697463473
-0.39565943238731216 0.9407219974341359 -0.0012189488615482746
-0.39232053422370616 0.5663131479906577 -0.00023318720688686456
-0.38898163606010017 -0.01397757944439982 0.00028902162630495276
-0.38564273789649417 -0.5313237971971496 0.001606281161733225
-0.3823038397328882 0.9963106505942196 -0.0004591123884557513
-0.37896494156928207 0.8725085777958688 -0.00003308994923439945
-0.37562604340567607 0.38791587885801326 0.00022807278811592946
-0.37228714524207007 0.9047158175693749 0.00003874143049464873
-0.3689482470784641 0.640758056779077 0.0005868702285118654
-0.3656093489148581 0.5705608921820705 -0.0007163632264035047
-0.3622704507512521 0.9038273415555789 -0.0000028344930225188136
-0.3589315525876461 0.5078718725555658 -0.0012602657805798334
-0.3555926544240401 0.008451401528288806 0.00039947852545589146
-0.3522537562604341 0.31463378390557345 -0.00027371917267353385
-0.348914858096828 0.9995104425555384 0.0009524852816031326
-0.345575959933222 -0.01591903247725831 0.00005390024327591239
-0.342237061769616 0.7640470912995468 0.0017899739538846382
-0.33889816360601 -0.081303453391897 -0.0009495763329694616
-0.335559265442404 0.8439570716804076 -0.002132997833879824
-0.332220367278798 0.6621378033527497 0.0005671578027986179
-0.328881469115192 0.9856195341024607 -0.00030307378878319247
-0.325542570951586 -0.7127243668069075 0.0008112549106203681
-0.3222036727879799 0.934310315915463 0.00001310071679716529
-0.3188647746243739 0.4527584907460146 0.0011687110725169814
-0.3155258764607679 0.996861889168434 -0.0006873725301647093
-0.3121869782971619 0.11378642116228015 -0.0009536992787849349
-0.3088480801335559 -0.28507737434963515 0.0005982341388944962
-0.3055091819699499 0.9969573643945446 0.00020180368373468038
-0.3021702838063439 0.5958788217049041 -0.0001298486015616218
-0.2988313856427379 0.030127443030109564 0.000034781558936292437
-0.2954924874791318 0.4963717680119805 -0.0016466966845908593
-0.2921535893155258 -0.08255771175662786 0.0007039962543358598
-0.2888146911519198 0.5714855683566695 0.0024795241834733583
-0.2854757929883138 0.9837926495012621 -0.000916252750115587
-0.28213689482470783 0.13776189492825527 0.00015998638898075124
-0.27879799666110183 -0.37207895691235343 -0.001541499625020426
-0.27545909849749584 0.9766224434791513 -0.0013737173737359276
-0.27212020033388984 0.4065710159154608 0.0017327703934791883
-0.26878130217028373 0.007527592719414983 0.000003901796296468599
-0.26544240400667773 0.030657488014490288 0.0020331074073751104
-0.26210350584307174 -0.00576384597088855 0.00027922976940985677
-0.25876460767946574 0.7236116870889026 -0.0034369363527341212
-0.25542570951585974 -0.0012255466797157525 0.0002394100232751358
-0.25208681135225375 0.9714716717977252 0.000884788139986048
-0.24874791318864775 0.9392905519315428 0.00012288284129874372
-0.24540901502504175 0.4936728835435916 0.0009997054945138362
-0.24207011686143576 0.9536895086783999 -0.00030499105548381644
-0.23873121869782965 0.19895400916783657 -0.00022044129835982473
-0.23539232053422365 0.9236681114944946 -0.00016390906765351154
-0.23205342237061766 0.9104527850964341 -0.000503011336307202
-0.22871452420701166 0.9577763106359356 0.00006283256116068614
-0.22537562604340566 0.7061111136220982 -0.0005726009328920201
-0.22203672787979967 -0.04222791230912483 0.0008220860257258569
-0.21869782971619367 0.2544358196705586 0.0019811047216104077
-0.21535893155258767 0.2759865726135426 -0.0012267560389875032
-0.21202003338898157 0.363727786530168 -0.0018716886746251993
-0.20868113522537557 -0.26608526833348606 0.0006479628116825148
-0.20534223706176957 0.4310573567371344 0.0005203784847360449
-0.20200333889816358 0.7794072896317721 0.0000961850174122092
-0.19866444073455758 0.5024300005381316 0.00043513478725801247
-0.19532554257095158 0.7713080375439412 -0.00008474632044735975
-0.19198664440734559 0.9401935242972311 0.00030536297473854335
-0.1886477462437396 0.9893864117488448 -0.00016810304962810996
-0.18530884808013348 -0.46668105566867935 -0.0020118391940013025
-0.18196994991652748 0.9943358036288477 -0.00010985990590917094
-0.1786310517529215 0.7197122663637299 0.0028684280414467134
-0.1752921535893155 0.11944649217773953 0.0006713875902776209
-0.1719532554257095 0.9503848259218853 -0.0018307647006972072
-0.1686143572621035 0.873639927876841 -0.0005043164653192878
-0.1652754590984975 -0.2646452626797721 -0.0002925269529846508
-0.1619365609348915 -0.27718663713763625 -0.0011870572381827288
-0.1585976627712854 0.9927025103327107 0.001650812444577987
-0.1552587646076794 0.9505317281960092 0.0033972290073704947
-0.1519198664440734 -0.1387525840486519 -0.0012028537371639447
-0.1485809682804674 -0.5178812625858129 -0.004668464755971186
-0.1452420701168614 0.9594591986959532 -0.0005470883668922122
-0.1419031719532554 0.7042857617649056 0.003941836219600314
-0.13856427378964942 0.299777248895796 0.001668035254991776
-0.13522537562604342 0.06083571208060054 -0.002003763265650882
-0.13188647746243742 0.9285779768179165 -0.0015516820900410289
-0.12854757929883132 -0.12612249696119507 0.0003011229716534114
-0.12520868113522532 -0.3285756778521873 0.00010984069430126919
-0.12186978297161932 0.9986012511562489 -0.000035651357387367355
-0.11853088480801333 0.9946465100626198 0.000918194354132762
-0.11519198664440733 0.03931843765919803 0.0011539391832800037
-0.11185308848080133 -0.1034036767110976 -0.0011534958399283118
-0.10851419031719534 0.8024317110818177 -0.0022130262550436597
-0.10517529215358934 -0.02168677846322985 -0.000021682400895895772
-0.10183639398998323 0.4338308679487204 0.0022949636232258985
-0.09849749582637723 0.22999645277416264 0.0013324152827309255
-0.09515859766277124 0.9176800854137027 -0.0007462379831990607
-0.09181969949916524 0.3449009973127327 -0.0019967208272488463
-0.08848080133555924 0.927140317232061 -0.0004393082753158528
-0.08514190317195325 0.9652419568668678 0.001355182474273131
-0.08180300500834725 0.9446041351208116 0.0011438448235663867
-0.07846410684474125 0.9618576851863232 -0.0001969238674663365
-0.07512520868113515 0.7111921258428687 -0.0009753752526059645
-0.07178631051752915 0.2684060114553244 -0.0004686346736945679
-0.06844741235392315 0.014861637036333118 0.00029958762483508084
-0.06510851419031716 0.959469301387188 0.0004916929951744309
-0.06176961602671116 0.7315454819368754 0.0002789876049185125
-0.058430717863105164 0.7945218363179111 -0.00007233312141624593
-0.05509181969949917 0.14427107233966022 -0.00022227088396306605
-0.05175292153589317 0.8306820428636095 -0.0002720381371930092
-0.04841402337228706 -0.25050324822716674 -0.00015761254261546787
-0.045075125208681066 0.8197539069881148 0.00013779703009098032
-0.04173622704507507 -0.028802653353381315 0.000427984874627408
-0.03839732888146907 0.5393939837703386 0.00032480464164591494
-0.035058430717863076 0.8868742072228132 -0.0002445084081340587
-0.03171953255425708 0.9304058504036015 -0.0007182278857063018
-0.028380634390651083 0.29562143146450176 -0.00038165453636516966
-0.025041736227045086 0.9854964061165716 0.0005309697289678228
-0.02170283806343909 0.999462083655098 0.0010520496132659374
-0.01836393989983298 -0.2598839816498201 0.00021382919214445184
-0.015025041736226985 -0.290316590007885 -0.0014209216352066428
-0.011686143572620988 0.9995920986698007 -0.0015653669894629685
-0.008347245409014992 0.9630296955210389 0.00047566483685584915
-0.005008347245408995 0.4198067765331529 0.0046032408787493595
-0.0016694490818029983 -0.20273140119863994 0.004269348137772244
0.0016694490818029983 -0.20273140119863994 0.004269348137772244
0.005008347245408995 0.4198067765331529 0.0046032408787493595
0.008347245409014992 0.9630296955210389 0.00047566483685584915
0.011686143572620988 0.9995920986698007 -0.0015653669894629685
0.015025041736226985 -0.290316590007885 -0.0014209216352066428
0.01836393989983298 -0.2598839816498201 0.00021382919214445184
0.0217028380634392 0.9994620836551044 0.0010520496132671031
0.025041736227045197 0.9854964061165641 0.0005309697289691551
0.028380634390651194 0.29562143146455694 -0.0003816545363679036
0.03171953255425719 0.9304058504036072 -0.0007182278857086888
0.03505843071786319 0.8868742072228128 -0.00024450840813422525
0.038397328881469184 0.5393939837702889 0.00032480464164666434
0.04173622704507518 -0.028802653353395113 0.0004279848746246706
0.04507512520868118 0.8197539069881744 0.00013779703009175748
0.048414023372287174 -0.25050324822717995 -0.00015761254261073554
0.05175292153589317 0.8306820428636095 -0.0002720381371930092
0.05509181969949917 0.14427107233966022 -0.00022227088396306605
0.058430717863105164 0.7945218363179111 -0.00007233312141624593
0.06176961602671116 0.7315454819368754 0.0002789876049185125
0.06510851419031716 0.959469301387188 0.0004916929951744309
0.06844741235392315 0.014861637036333118 0.00029958762483508084
0.07178631051752915 0.2684060114553244 -0.0004686346736945679
0.07512520868113515 0.7111921258428687 -0.0009753752526059645
0.07846410684474137 0.961857685186343 -0.00019692386746561485
0.08180300500834736 0.9446041351206655 0.001143844823563056
0.08514190317195336 0.9652419568668819 0.0013551824742731866
0.08848080133555936 0.9271403172320818 -0.00043930827531662997
0.09181969949916535 0.34490099731268886 -0.001996720827245002
0.09515859766277135 0.9176800854137454 -0.0007462379832031685
0.09849749582637735 0.2299964527741255 0.0013324152827317026
0.10183639398998334 0.43383086794880005 0.0022949636232295068
0.10517529215358934 -0.02168677846322985 -0.000021682400895895772
0.10851419031719534 0.8024317110818177 -0.0022130262550436597
0.11185308848080133 -0.1034036767110976 -0.0011534958399283118
0.11519198664440733 0.03931843765919803 0.0011539391832800037
0.11853088480801333 0.9946465100626198 0.000918194354132762
0.12186978297161932 0.9986012511562489 -0.000035651357387367355
0.12520868113522532 -0.3285756778521873 0.00010984069430126919
0.12854757929883132 -0.12612249696119507 0.0003011229716534114
0.13188647746243753 0.9285779768179713 -0.001551682090038864
0.13522537562604353 0.060835712080628615 -0.002003763265651725
0.13856427378964953 0.29977724889570273 0.00166803525499222
0.14190317195325552 0.7042857617649946 0.003941836219603673
0.14524207011686152 0.9594591986959985 -0.000547088366891324
0.14858096828046752 -0.5178812625858109 -0.004668464755969798
0.15191986644407351 -0.13875258404872978 -0.001202853737166533
0.1552587646076795 0.9505317281959056 0.0033972290073713274
0.1585976627712855 0.9927025103327273 0.0016508124445789307
0.1619365609348915 -0.27718663713763625 -0.0011870572381827288
0.1652754590984975 -0.2646452626797721 -0.0002925269529846508
0.1686143572621035 0.873639927876841 -0.0005043164653192878
0.1719532554257095 0.9503848259218853 -0.0018307647006972072
0.1752921535893155 0.11944649217773953 0.0006713875902776209
0.1786310517529215 0.7197122663637299 0.0028684280414467134
0.18196994991652748 0.9943358036288477 -0.00010985990590917094
0.18530884808013348 -0.46668105566867935 -0.0020118391940013025
0.1886477462437397 0.9893864117488849 -0.00016810304962922018
0.1919866444073457 0.9401935242972541 0.00030536297474015317
0.1953255425709517 0.7713080375439294 -0.00008474632044569441
0.1986644407345577 0.5024300005381201 0.00043513478725959454
0.2020033388981637 0.779407289631767 0.0000961850174152068
0.20534223706176968 0.4310573567372153 0.0005203784847341297
0.20868113522537568 -0.2660852683335642 0.0006479628116810715
0.21202003338898168 0.36372778653015075 -0.0018716886746269756
0.21535893155258767 0.2759865726135426 -0.0012267560389875032
0.21869782971619367 0.2544358196705586 0.0019811047216104077
0.22203672787979967 -0.04222791230912483 0.0008220860257258569
0.22537562604340566 0.7061111136220982 -0.0005726009328920201
0.22871452420701166 0.9577763106359356 0.00006283256116068614
0.23205342237061766 0.9104527850964341 -0.000503011336307202
0.23539232053422365 0.9236681114944946 -0.00016390906765351154
0.23873121869782965 0.19895400916783657 -0.00022044129835982473
0.24207011686143587 0.953689508678247 -0.0003049910554877022
0.24540901502504187 0.4936728835436747 0.00099970549451317
0.24874791318864786 0.9392905519315857 0.00012288284129929883
0.25208681135225386 0.971471671797775 0.0008847881399844382
0.25542570951585986 -0.0012255466797269185 0.00023941002327385204
0.25876460767946585 0.7236116870888737 -0.003436936352733788
0.26210350584307185 -0.005763845970875682 0.0002792297694117446
0.26544240400667785 0.03065748801449388 0.0020331074073721856
0.26878130217028384 0.007527592719408309 0.000003901796297824719
0.27212020033388984 0.4065710159154608 0.0017327703934791883
0.27545909849749584 0.9766224434791513 -0.0013737173737359276
0.27879799666110183 -0.37207895691235343 -0.001541499625020426
0.28213689482470783 0.13776189492825527 0.00015998638898075124
0.2854757929883138 0.9837926495012621 -0.000916252750115587
0.2888146911519198 0.5714855683566695 0.0024795241834733583
0.2921535893155258 -0.08255771175662786 0.0007039962543358598
0.2954924874791318 0.4963717680119805 -0.0016466966845908593
0.29883138564273803 0.030127443030040613 0.00003478155893823706
0.30217028380634403 0.5958788217049059 -0.0001298486015618716
0.30550918196995 0.9969573643945995 0.00020180368373318158
0.308848080133556 -0.2850773743496379 0.0005982341388945933
0.312186978297162 0.11378642116225982 -0.0009536992787837484
0.315525876460768 0.9968618891684878 -0.0006873725301601574
0.318864774624374 0.45275849074610675 0.0011687110725170924
0.32220367278798 0.9343103159155378 0.000013100716798941647
0.325542570951586 -0.7127243668069075 0.0008112549106203681
0.328881469115192 0.9856195341024607 -0.00030307378878319247
0.332220367278798 0.6621378033527497 0.0005671578027986179
0.335559265442404 0.8439570716804076 -0.002132997833879824
0.33889816360601 -0.081303453391897 -0.0009495763329694616
0.342237061769616 0.7640470912995468 0.0017899739538846382
0.345575959933222 -0.01591903247725831 0.00005390024327591239
0.348914858096828 0.9995104425555384 0.0009524852816031326
0.3522537562604342 0.31463378390553653 -0.00027371917267660084
0.3555926544240402 0.008451401528292648 0.0003994785254533809
0.3589315525876462 0.5078718725556415 -0.0012602657805821926
0.3622704507512522 0.9038273415556323 -0.000002834493023406992
0.3656093489148582 0.5705608921820622 -0.0007163632263985642
0.3689482470784642 0.6407580567790735 0.0005868702285076188
0.3722871452420702 0.9047158175694412 0.00003874143049542589
0.3756260434056762 0.3879158788579079 0.00022807278811620701
0.3789649415692822 0.8725085777958264 -0.00003308994923045816
0.3823038397328882 0.9963106505942196 -0.0004591123884557513
0.38564273789649417 -0.5313237971971496 0.001606281161733225
0.38898163606010017 -0.01397757944439982 0.00028902162630495276
0.39232053422370616 0.5663131479906577 -0.00023318720688686456
0.39565943238731216 0.9407219974341359 -0.0012189488615482746
0.39899833055091816 0.9001138651754057 -0.0012183110697463473
0.40233722871452415 0.4830581537635473 0.0006898073382832492
0.40567612687813015 0.9372635692433987 0.00009068917449639446
0.40901502504173637 0.9650517042583908 -0.00014155493953948994
0.41235392320534237 0.9216890112203341 0.0004984388090803482
0.41569282136894836 0.9527611735293304 0.000009978350167749728
0.41903171953255436 0.9371784627634228 0.00005727139348465915
0.42237061769616036 0.09502789672878896 0.0005974452058510188
0.42570951585976635 0.9871675698354115 0.00012814915690223527
0.42904841402337235 0.9934543233691655 0.000631276384901347
0.43238731218697835 0.1982274671685345 0.0005390680782828838
0.43572621035058434 0.9789911218746188 0.0019475400924708897
0.43906510851419034 0.5255319223240948 -0.00345711038763441
0.44240400667779634 0.96720694249826 -0.0002271306715087018
0.44574290484140233 0.997789245807454 0.00019310098574742973
0.44908180300500833 0.8266104334568046 -0.003746026391430901
0.4524207011686143 -0.23502717869590006 -0.0004458459789263708
0.4557595993322203 0.04433818198373798 -0.00556638099700647
0.4590984974958263 0.8752364324668007 0.0008599584321067333
0.46243739565943254 0.06266251377182153 0.004224131890571848
0.46577629382303853 0.928190886802265 0.003367238257670213
0.46911519198664453 0.48924798759226595 0.008917901881809298
0.4724540901502505 0.9914212279694946 0.001420979056737548
0.4757929883138565 0.9208612664803112 0.012990308218114865
0.4791318864774625 0.6117574326608035 -0.002809359722872967
0.4824707846410685 0.06265120491763658 -0.005507773874375239
0.4858096828046745 0.9377024445928122 0.003016269610251421
0.4891485809682805 0.6468184817782436 -0.00487121305470567
0.4924874791318865 0.9806630167574861 -0.0019194319831122297
0.4958263772954925 -0.09184102359343055 0.03233030027402735
0.4991652754590985 0.23509915658645647 -0.15520436879777125
0.5025041736227045 0.7709059363829451 0.031051419626291016
0.5058430717863105 0.1304994871284232 -0.021417440517990237
0.5091819699499165 -0.9659237916050346 0.010319834983476273
0.5125208681135225 0.06260816651728685 0.08356581789631191
0.5158597662771285 0.999329550069024 -0.0006536273289450834
0.5191986644407347 0.9675882659280564 0.005344217719404076
0.5225375626043407 0.5643414190777296 0.07238646360073603
0.5258764607679467 -0.06751021018151512 -0.0005437466917920866
0.5292153589315527 0.13264365782350537 0.04635479506730823
0.5325542570951587 0.8856933991145968 0.009665458353902368
0.5358931552587647 0.13464508884699777 -0.013870234311747234
0.5392320534223707 0.9895198355690982 -0.0009878950123021757
0.5425709515859767 -0.46558594587069907 0.14806529860657133
0.5459098497495827 0.10605466930099472 -0.1582795208164249
0.5492487479131887 0.9903695109886705 0.0032995514069318888
0.5525876460767947 0.9943348761706419 0.00028639617066122947
0.5559265442404007 0.9808531489942375 0.004099750510168865
0.5592654424040067 0.9707429055744229 0.007057360602892526
0.5626043405676127 -0.0033391773668726803 0.015380593166867957
0.5659432387312187 -0.8724958003777352 -0.006141374852348391
0.5692821368948247 -0.16518323380502414 0.0387174560132081
0.5726210350584309 0.30999101107517757 -0.0471694281404364
0.5759599332220369 0.9417091078890282 0.012606176700327598
0.5792988313856429 0.4570770097099707 0.00280465389199569
0.5826377295492489 0.9767069948153824 -0.018455226703792293
0.5859766277128549 0.07595453643110107 0.0020776597801042407
0.5893155258764609 -0.0913784926375186 0.17535834687985805
0.5926544240400669 -0.007398628997754279 -0.128577698360467
0.5959933222036728 0.5846403054237052 0.008277880757529887
0.5993322203672788 0.9995584665969579 0.0007163625946289831
0.6026711185308848 0.9210911734205947 -0.0054731281775549645
0.6060100166944908 -0.8670797387845446 0.12976670284366681
0.6093489148580968 0.9995238431770883 0.0022459029147500753
0.6126878130217028 -0.008449613976365006 -0.0027762418890372106
0.6160267111853088 0.9399017562428077 0.05642359512452566
0.6193656093489148 0.7364366165041025 0.012718913209177812
0.6227045075125208 0.7110260955952751 0.2023192036320686
0.6260434056761268 0.03042015856571457 -0.001790102561653819
0.629382303839733 0.9426347957698042 -0.10688973703482485
0.632721202003339 0.9541271303918545 0.005624709720413845
0.636060100166945 0.561034145988709 -0.3046771724300741
0.639398998330551 -0.026136603013943122 0.0551434619351136
0.642737896494157 0.8435590457755818 -0.07134737940748709
0.646076794657763 0.8032882504587939 -0.03340410475013322
0.649415692821369 0.968859492999764 -0.0013789210291583198
0.652754590984975 -0.08164763293323683 -0.09500231808529074
0.656093489148581 -0.11199215715552287 0.2301393816705552
0.659432387312187 -0.977433964425242 0.021154600044202165
0.662771285475793 -0.2771600666582774 0.24605593274573076
0.666110183639399 -0.538392454623169 0.13427278641528348
0.669449081803005 0.23532026070545317 0.04531474409757037
0.672787979966611 0.7691340634700599 0.07121230229292039
0.676126878130217 0.9917120769913061 -0.0002459171491461798
0.679465776293823 0.8900101846119312 -0.033752124876339884
0.6828046744574292 0.31258396162096586 0.03189651624139296
0.6861435726210352 -0.534546691344654 0.0029074053273051848
0.6894824707846412 0.15329947409407546 0.5923223304945583
0.6928213689482472 -0.663068024283242 0.22965217616836253
0.6961602671118532 -0.7020039266939887 0.11615963884242292
0.6994991652754592 -0.0028828573036429454 0.0007742456490174287
0.7028380634390652 0.7229753011066975 0.06890161544321713
0.7061769616026712 0.8369889956515982 0.061731363860223154
0.7095158597662772 -0.11645515629356872 0.08453208958716053
0.7128547579298832 0.046155946775339116 0.07502129559723814
0.7161936560934892 -0.009664237862998424 -0.029538994766417928
0.7195325542570952 0.9477039572924666 -0.2687289975273429
0.7228714524207012 0.9997236718596122 0.008743483707535915
0.7262103505843072 0.8814988574939586 0.00982756584529465
0.7295492487479132 0.9982177903280932 -0.05714289118360838
0.7328881469115192 0.027336011633374437 0.013500647509436444
0.7362270450751252 0.3029755602588369 -0.13703365966437173
0.7395659432387314 0.4935126650513886 -0.7255762352425597
0.7429048414023374 0.5775107076858628 0.01459422242446809
0.7462437395659434 0.9658454886008956 0.23608413805566456
0.7495826377295494 -0.15093830858928772 0.01944851881045013
0.7529215358931554 0.9133220212547365 -0.2993955072101107
0.7562604340567614 0.17729527501166642 -0.4950675930582974
0.7595993322203674 -0.9513326313732114 -0.24985245150529545
0.7629382303839733 -0.5481056266692496 0.6567025061317768
0.7662771285475793 0.15393097940005523 0.40253349914311376
0.7696160267111853 0.9854928194717223 -0.11268931101484198
0.7729549248747913 -0.017888766913945732 0.1972122438098239
0.7762938230383973 0.8476713623954122 0.249284052185336
0.7796327212020033 0.5849667946989475 -0.4438850255490808
0.7829716193656093 -0.8076697652312218 -0.506342608083058
0.7863105175292153 -0.43493839442878807 0.14794340540809314
0.7896494156928213 0.868966717007888 -0.17648535075820487
0.7929883138564275 0.1802684659630217 -0.7993091368198172
0.7963272120200335 0.8117598514614665 0.24461773106265186
0.7996661101836395 -0.5049603317143209 -0.12670185435238324
0.8030050083472455 -0.9542944231156232 0.28643889143908474
0.8063439065108515 0.8240267242786379 0.29428010911841274
0.8096828046744575 -0.35318830926448364 -0.12525945260368773
0.8130217028380635 -0.18967447217586583 0.24965465420074207
0.8163606010016695 0.9223013639448314 0.00411551222288542
0.8196994991652755 0.0030856491018704246 0.4120407979366255
0.8230383973288815 -0.09549319376383295 0.14012971633210933
0.8263772954924875 0.3321603598099573 -0.11270985146618702
0.8297161936560935 0.9998500778779237 -0.016650594413146425
0.8330550918196995 -0.40718534850977117 -0.3557141096854257
0.8363939899833055 0.9622792718205766 -0.21926153324103387
0.8397328881469115 -0.7210775385823821 -0.42395514885345625
0.8430717863105175 0.30781138420306375 0.3975199798028488
0.8464106844741235 0.9937883607559993 -0.06307722263202836
0.8497495826377297 -0.08797202667604752 0.42511147723040993
0.8530884808013357 -0.11322134264292334 0.1315913080531792
0.8564273789649417 0.8420155556869746 -0.25695514400822017
0.8597662771285477 -0.1678880335243433 0.10806733315305675
0.8631051752921537 0.9093278109587147 0.06089937851041077
0.8664440734557597 -0.6806268295753134 0.43399299099327726
0.8697829716193657 0.6340268883496867 -0.7709596115181875
0.8731218697829717 0.8218445084764986 0.1220195078391669
0.8764607679465777 -0.05789427135507494 0.012970807455009389
0.8797996661101837 -0.7894547831240026 -0.15732771995157852
0.8831385642737897 -0.2745960955386192 0.23150785680895133
0.8864774624373957 0.7788290189190981 0.26845741793806077
0.8898163606010017 -0.9718158547551023 0.03292046009850946
0.8931552587646077 -0.9147655676099549 -0.24043875596691944
0.8964941569282137 0.9585038940863301 0.25445549928721667
0.8998330550918197 0.8442838910981655 0.061351436695716355
0.9031719532554259 0.031001621143452972 -0.01001225585951474
0.9065108514190319 -0.025930729239967427 -0.11157684400845677
0.9098497495826379 -0.308703118915003 0.8851674877970263
0.9131886477462439 -0.960310630207501 0.16669173703842544
0.9165275459098499 -0.9455902753760064 -0.24046594205702052
0.9198664440734559 0.5173671049612164 0.17986034425331673
0.9232053422370619 0.392310013564085 -0.16946337905929837
0.9265442404006679 0.22563512566942395 0.8368905262689507
0.9298831385642738 0.9235920217588888 0.2923166036474185
0.9332220367278798 0.929166269528346 -0.17030546825526655
0.9365609348914858 0.8138169696522656 0.329939088957022
0.9398998330550918 0.802529734599128 -0.45798744532153246
0.9432387312186978 0.301585168839637 0.019556498302433667
0.9465776293823038 -0.6300288692930832 0.6789318279235679
0.9499165275459098 0.2277283049371032 -0.9292196414082448
0.9532554257095158 0.39531335490015324 -0.6588436559909859
0.9565943238731218 -0.6571269886526601 -0.6053824739189355
0.959933222036728 0.5881183136486763 -0.5915222200454548
0.963272120200334 0.999501205277669 -0.01569180493537181
0.96661101836394 0.9746080454175029 -0.05263243892023428
0.969949916527546 0.7474343888413236 -0.09321541866924712
0.973288814691152 0.46629778721341786 0.15376905547243727
0.976627712854758 0.016034620184556675 -0.5100271863880745
0.979966611018364 0.8054382435855085 -0.09997889844560831
0.98330550918197 -0.5746297752628563 0.37996339913980676
0.986644407345576 0.5625302522519275 0.6588255414549713
0.989983305509182 -0.6089085908328036 -0.1897835111256685
0.993322203672788 0.29303993338398593 0.4892473751634294
0.996661101836394 0.5528421665006232 0.018372893013205882
1 0.7945009145080725 0.6072629552721323
